web/config/packages/test/framework.yaml
  s_be192d0027462f::t_b93b14b3ed73d7 7
docs/specs/edit-items/Q-history-culture.md
  s_be192d0027462f::t_b93b14b3ed73d7 3,11,14,41
web/templates/pages/index.html.twig
  s_be192d0027462f::t_0ea8e85ddb55f0 24,40,153,160,402,409,508,602
web/templates/admin/escalated.html.twig
  s_be192d0027462f::t_0ea8e85ddb55f0 7
tools/elevation/dem-install.sh
  s_be192d0027462f::t_b93b14b3ed73d7 6,18,23,39,72-73,97,103,126,132
web/templates/pages/scout.html.twig
  s_be192d0027462f::t_0ea8e85ddb55f0 40
web/src/Catalog/MapViewMode.php
  s_be192d0027462f::t_b93b14b3ed73d7 24
web/translations/messages.es.yaml
  s_be192d0027462f::t_f094ca9b196b12 28,143-144,147,155-156,182,219,244-249,260,291,295,310,314,318,320,376,381-382,386,388,390,393-394,398,400,403-404,408,410,413-414,418,420,430,483,489,507,515,586,600,630,635,658,661,663,672,690,705,708,720,739,753,757,763,813,826,889,905,982,1011,1066,1077,1120,1139,1236,1243,1284,1289,1303,1325,1396,1432,1471,1488,1499,1517,1577-1578,1614,1635-1637,1649-1650,1659,1669,1739,1753,1759,1770,1778,1814,1830-1831,1836,1841-1845,1849,1860-1861,1863,1874,1881-1882,1888,1895,1900,1902,1904,1912,1928,1933-1934,1964,2003,2006,2011,2024,2033-2034,2037-2039,2041,2068,2071,2077,2083,2086,2088,2102,2106,2109,2111,2120,2124-2125,2131,2183,2269,2271,2298,2324,2344,2396-2397,2465,2522-2523,2559,2566,2568,2588-2591,2619,2627,2629,2633-2634,2646,2655,2684-2686,2692-2693,2695-2696,2698-2699,2704-2706,2757,2762,2768,2775,2777,2801,2804-2805,2810,2827,2833,2884,2958,2960,2965,2969,2972-2973,2975,2981,3056,3078,3104,3114,3116,3120,3123,3138,3144,3171,3187,3191,3194,3208,3223-3226,3237,3610,3612,3614-3618,3620,3622-3623,3626-3630,3632-3635,3638,3640,3642,3644,3646,3648,3650,3652,3654,3656,3658,3660,3672-3676,3678-3680,3682,3684-3685,3688,3690,3692,3794,3807,3875,3881,3893,3911,3939,3941,3967,3970,3972,3980,3986,3990,4061,4084,4086-4087,4089-4090,4095-4096,4099,4107,4119,4143,4149,4180,4182-4183,4230,4325,4339,4366,4413,4426,4440-4443,4457,4500
web/templates/moderate_routes/_correction_item.html.twig
  s_be192d0027462f::t_0ea8e85ddb55f0 6,16-17,36,70
web/templates/admin/curator_applications.html.twig
  s_be192d0027462f::t_0ea8e85ddb55f0 6,11,145
web/templates/base.html.twig
  s_be192d0027462f::t_0ea8e85ddb55f0 48
tools/wallonia/README.md
  s_be192d0027462f::t_b93b14b3ed73d7 26,28,30-31,33,54,57
web/migrations/Version20260729212853.php
  s_be192d0027462f::t_b93b14b3ed73d7 17
web/assets/contribute/vote.js
  s_be192d0027462f::t_b93b14b3ed73d7 2,116
wiki/developers/gis-beyond/index.md
  s_be192d0027462f::t_4895b03f2a9d1a 29,58,64,115,117
tools/wallonia/route_images.py
  s_be192d0027462f::t_b93b14b3ed73d7 4-5
web/templates/moderate_routes/detail.html.twig
  s_be192d0027462f::t_0ea8e85ddb55f0 20,35,72-73,77,86,133,176
tools/check-translations-precommit.sh
  s_be192d0027462f::t_b93b14b3ed73d7 6,12,17,21
licenses/COMMONS-DATA-LICENSE.md
  s_be192d0027462f::t_b93b14b3ed73d7 1,4,7,9,14,17-18,25,28,31-32,34,36
tools/divisions/README.md
  s_be192d0027462f::t_b93b14b3ed73d7 1,9,22-24,47,82,91,107,116-117,127,133,137,144,152-153,155,159-160,173,181,187,196,205,210-211,219,229,245,252,263,265,294,298,307,322
web/assets/map/icons.js
  s_be192d0027462f::t_b93b14b3ed73d7 31,175
web/config/packages/moderation.yaml
  s_be192d0027462f::t_b93b14b3ed73d7 1
web/src/Command/ExpireClosuresCommand.php
  s_be192d0027462f::t_b93b14b3ed73d7 63
web/migrations/Version20260714210000.php
  s_be192d0027462f::t_b93b14b3ed73d7 16
web/migrations/Version20260714150000.php
  s_be192d0027462f::t_b93b14b3ed73d7 32
web/migrations/Version20260802100000.php
  s_be192d0027462f::t_b93b14b3ed73d7 13,22
web/templates/pages/terms.html.twig
  s_be192d0027462f::t_0ea8e85ddb55f0 24
developers/docker/media-proxy.conf.template
  s_be192d0027462f::t_b93b14b3ed73d7 1,7
docs/specs/data-source-register.md
  s_be192d0027462f::t_b93b14b3ed73d7 16,20-21,29-30,46-48,51,56,58,61,64,74,83,86,103,126,136,153,155,157,167,169,181-183,185,189,196,203-204,212,220,229,249-252,254,258,264,268,281
web/translations/messages.fr.yaml
  s_be192d0027462f::t_f094ca9b196b12 28,126,143-144,147,155-156,182,219,244-249,260,291,295,310,314,318,320,376,381-382,386,388,390,393-394,398,400,403-404,408,410,413-414,418,420,430,483,488,506,514,585,599,629,634,657,660,662,671,689,704,707,719,738,752,756,762,812,825,888,977,1006,1061,1072,1115,1134,1231,1238,1279,1284,1298,1320,1391,1427,1466,1482,1493,1511,1571-1572,1608,1629-1631,1643-1644,1653,1663,1733,1747,1753,1764,1772,1781,1783,1808,1822,1848,1916-1917,1985,2042-2043,2079,2086,2088,2108-2111,2124,2126-2127,2131,2139,2147,2149,2153-2154,2166,2175,2204-2206,2212-2213,2215-2216,2218-2219,2224-2226,2277,2282,2288,2295,2297,2319-2320,2326-2329,2333,2344-2347,2358,2360-2361,2367,2374,2379,2381,2383,2391,2407,2412-2413,2443,2482,2485,2490,2503,2512-2513,2516-2518,2520,2544,2547,2553,2559,2562,2564,2578,2583,2585,2594,2599,2605,2657,2743,2745,2776,2779-2780,2785,2808,2859,2933,2935,2940,2944,2947,2950,2956,3031,3052,3078,3088,3090,3094,3097,3112,3118,3145,3161,3165,3168,3182,3197-3200,3211,3584,3586,3588-3592,3594,3596-3597,3600-3609,3612,3614,3616,3618,3620,3622,3624,3626,3628,3630,3632,3634,3646-3650,3652-3654,3656,3658-3659,3662,3664,3666,3768,3781,3849,3855,3867,3885,3909,3911,3940,3950,3956,3960,4031,4054,4056-4057,4059-4060,4065-4066,4069,4077,4089,4113,4119,4150,4152-4153,4200,4295,4309,4336,4383,4396,4410-4413,4427,4469
docs/specs/public-api-personal-data-boundary.md
  s_be192d0027462f::t_b93b14b3ed73d7 3,10-11,26,33,38,51,62,70,81,92,104-105,110,114,127,136,154,178,183-184,189,214,226,243,245,248,254,301,306,311,323,326,336-337,353,361,376,379,383,385,387,389-390,392
web/assets/js/auth-validate.js
  s_be192d0027462f::t_b93b14b3ed73d7 2
web/assets/map/scope-header.js
  s_be192d0027462f::t_b93b14b3ed73d7 23
licenses/COMMONS-MEDIA-LICENSE.md
  s_be192d0027462f::t_b93b14b3ed73d7 1,7-8,13,16,22,28,32
web/assets/map/i18n.js
  s_be192d0027462f::t_b93b14b3ed73d7 20,28
web/migrations/Version20260812010000.php
  s_be192d0027462f::t_b93b14b3ed73d7 30,61
web/src/Catalog/CatalogFormRegistry.php
  s_be192d0027462f::t_b93b14b3ed73d7 39,59,78-79,120,137,139,155,161,188,213
web/migrations/Version20260727120000.php
  s_be192d0027462f::t_b93b14b3ed73d7 29
web/migrations/Version20260808090000.php
  s_be192d0027462f::t_b93b14b3ed73d7 16
CITATION.cff
  s_be192d0027462f::t_b93b14b3ed73d7 10,12
web/migrations/Version20260719120000.php
  s_be192d0027462f::t_b93b14b3ed73d7 16,24
web/src/Catalog/ClosureExpiryService.php
  s_be192d0027462f::t_b93b14b3ed73d7 132
web/templates/emails/_base.html.twig
  s_be192d0027462f::t_0ea8e85ddb55f0 3,32
pipeline/tests/test_extract_cache.py
  s_be192d0027462f::t_b93b14b3ed73d7 2,83
wiki/developers/gis-beyond/geocoding.md
  s_be192d0027462f::t_4895b03f2a9d1a 29,63,70,73-74,80,93-94,111,117,135,140,149-150,174,189
web/templates/admin/system_config.html.twig
  s_be192d0027462f::t_0ea8e85ddb55f0 59
pipeline/coverage/parse.py
  s_be192d0027462f::t_b93b14b3ed73d7 5,24,66,82,89
web/assets/map/ride-check.js
  s_be192d0027462f::t_b93b14b3ed73d7 3,117,150,179
pipeline/tests/test_tiles.py
  s_be192d0027462f::t_b93b14b3ed73d7 2,5-6,45,66,102,115,192,208,225,270,301,323,330,356
web/templates/pages/licenses.html.twig
  s_be192d0027462f::t_0ea8e85ddb55f0 41
docs/specs/osm-data-architecture.md
  s_be192d0027462f::t_b93b14b3ed73d7 18,23,30,32-33,45,61,80,83,91,99,121,123,128,152,157,163,177,195,199,203,207,210-211,228,295,312-313,322-323,346,352,358,364-365,372
web/migrations/Version20260708140000.php
  s_be192d0027462f::t_b93b14b3ed73d7 16
web/templates/moderate_routes/index.html.twig
  s_be192d0027462f::t_0ea8e85ddb55f0 14,45,51,69
web/assets/map/mapillary.js
  s_be192d0027462f::t_b93b14b3ed73d7 13,24,62,69,71,174,197
web/migrations/Version20260801090000.php
  s_be192d0027462f::t_b93b14b3ed73d7 17
tools/valhalla/fetch-geofabrik-pbf.sh
  s_be192d0027462f::t_b93b14b3ed73d7 12,66,108,118,129,132,143
tools/wallonia/harvest_poi.py
  s_be192d0027462f::t_b93b14b3ed73d7 15
web/migrations/Version20260731140000.php
  s_be192d0027462f::t_b93b14b3ed73d7 14
web/templates/moderate/history.html.twig
  s_be192d0027462f::t_0ea8e85ddb55f0 3,36,93,134,146
web/migrations/Version20260802190000.php
  s_be192d0027462f::t_b93b14b3ed73d7 18
web/assets/contribute/media-upload.js
  s_be192d0027462f::t_b93b14b3ed73d7 352
web/src/Catalog/Command/DedupePlacesCommand.php
  s_be192d0027462f::t_b93b14b3ed73d7 115,148
web/templates/emails/message.html.twig
  s_be192d0027462f::t_0ea8e85ddb55f0 6
web/templates/pages/contributors.html.twig
  s_be192d0027462f::t_0ea8e85ddb55f0 50-51
web/templates/account/_shell_styles.html.twig
  s_be192d0027462f::t_0ea8e85ddb55f0 17,38,49,52,55,245,256
docs/specs/moderation-and-contribution.md
  s_be192d0027462f::t_b93b14b3ed73d7 18,20,23,27,29,31,33,51,55,57,61,76,98,107,113-114,122,135,161,168,178,194,200,207,214,222,232,241-242,247,254,262,270,276-277,290,298,306,314,319,326,330,339,347,355,361,372,381,469,477,490,498,507-508,512,529,532,536,545,582,603,624,636,646,652,665,669,677,686,691,693,702,709,754,770,778-779,864,871-873,875,879,896,909,915,924,932-933,942,960,965,971,984,992-993,1003,1009,1023,1031,1035,1039,1043,1047,1049,1055,1057,1066,1068,1079,1090-1091,1109,1121,1139,1148,1154,1156,1162,1253,1261-1262,1273,1279,1284,1288,1295,1332,1339,1342,1354,1357,1364,1369,1371,1388,1393-1394,1398,1411,1414,1429,1431,1437,1447,1453-1454,1461,1466-1467,1474,1484,1488,1497,1512,1516,1527,1541,1545,1551,1554,1566,1573,1589,1593,1604,1608,1610,1616,1625,1664,1675,1699,1708,1711,1713,1726,1731,1751,1817,1822-1823,1836,1842,1857,1864,1868,1876,1887,1894,1900,1914,1931,1942-1945,1953,1962,1978,1990-1991,2022,2029,2063-2064,2081,2086,2091,2096,2103,2106,2110,2122,2125,2131,2140,2146,2148-2149,2162-2163,2174-2177,2179-2180,2183,2187,2195,2207,2219,2223,2234,2237-2238,2242,2248,2258,2269,2277,2283,2285,2289,2298,2301,2308,2316,2323,2327,2331,2335,2339,2344-2345,2372-2373,2378,2382,2393,2399,2402,2414-2415,2424,2429-2430,2445,2453,2458,2462,2469,2482,2489,2499-2500,2505,2511,2521,2523,2529-2530,2534,2748,2750,2758
web/migrations/Version20260802230000.php
  s_be192d0027462f::t_b93b14b3ed73d7 18
docs/specs/coverage-provider.md
  s_be192d0027462f::t_b93b14b3ed73d7 8,15,29,48,60,71,76,95,124,128,135,149,153,175,186-187,196,210,223,230,232,237,249,258,277,285,290-291,301,306,314,318,321,324,326,332,337,339,353,355,358,363,369,378,383,431,439-440,446,454,460,481,490-491,505,512,517,520,528,546,566-567,578,586,599,607-608,615,621-622,639,666,681-682,684,700,704,707,709,713,717,721,731,736,743-744,759,762,790,797,821,841,845,855,859,871,879,883,900,906,914,926,930,933,954,960,962,968,1084,1092,1105
web/migrations/Version20260825090000.php
  s_be192d0027462f::t_b93b14b3ed73d7 53,64
web/config/packages/validator.yaml
  s_be192d0027462f::t_b93b14b3ed73d7 4
web/src/Command/RecomputeClimbProfilesCommand.php
  s_be192d0027462f::t_b93b14b3ed73d7 80,87-88,93
web/src/Catalog/RegionSilhouette.php
  s_be192d0027462f::t_b93b14b3ed73d7 35
web/src/Community/Entity/CountryInterest.php
  s_be192d0027462f::t_b93b14b3ed73d7 13
wiki/data-catalog.md
  s_be192d0027462f::t_4895b03f2a9d1a 3,5,7,10,12-13,16-21,30,34,39,42,63,65,69,86-87,91-92,100,119,126,129,133,147,154,157,168,170,179,182,186,188,205,219,221,225,231,237,241,246,251,256,261,269,274,277,286,289,293,303,311,326,330,332,337,340
web/src/Controller/Admin/UserCrudController.php
  s_be192d0027462f::t_b93b14b3ed73d7 102,121,254
web/src/Controller/ContributeController.php
  s_be192d0027462f::t_b93b14b3ed73d7 184,310,316,318,337,360
web/src/Contribution/ClimbGeometry.php
  s_be192d0027462f::t_b93b14b3ed73d7 128
web/templates/moderate_routes/_queue_item.html.twig
  s_be192d0027462f::t_0ea8e85ddb55f0 4,13,17
developers/docker/.env.example
  s_be192d0027462f::t_b93b14b3ed73d7 1,79
docs/specs/edit-items/O-where-to-sleep.md
  s_be192d0027462f::t_b93b14b3ed73d7 3,11,14,26,43
pipeline/coverage/load.py
  s_be192d0027462f::t_b93b14b3ed73d7 6,24,29,49,63,65,71,92,97,112,133,138,150,161,164,170,240,254-255,266,304-305,311-312,317,319-320,380,403,411,419-420,431,437,443,449,458,487,498,507,510,571,584,591,637-638,669
web/docker/imagemagick-policy.xml
  s_be192d0027462f::t_b93b14b3ed73d7 25-26,43,60
web/src/Account/DateFormat.php
  s_be192d0027462f::t_b93b14b3ed73d7 25
web/src/Catalog/Command/ImportCatalogCommand.php
  s_be192d0027462f::t_b93b14b3ed73d7 98,134,159,174,191,206,256,294,422,441
web/templates/pages/region.html.twig
  s_be192d0027462f::t_0ea8e85ddb55f0 129
web/templates/partials/_scout_devices.html.twig
  s_be192d0027462f::t_0ea8e85ddb55f0 8,12
web/assets/map/scope-ui.js
  s_be192d0027462f::t_b93b14b3ed73d7 36,42,48,66,105,122,127,256
web/assets/map/scout-review.js
  s_be192d0027462f::t_b93b14b3ed73d7 4,86,93,120,313,363,501,503,505,529,544,602,637,674,680,698,793
.gitignore
  s_be192d0027462f::t_b93b14b3ed73d7 4,24,34,48,56,66,70,74,79,83,88,92,95,99,104
web/assets/js/nav.js
  s_be192d0027462f::t_b93b14b3ed73d7 181,186,202,249
developers/docker/compose.yaml
  s_be192d0027462f::t_b93b14b3ed73d7 63,81-82,231,242,256,307,325,359
web/src/Controller/Admin/AdminActionLogCrudController.php
  s_be192d0027462f::t_b93b14b3ed73d7 67
web/templates/moderate/takedowns.html.twig
  s_be192d0027462f::t_0ea8e85ddb55f0 56,86,166
web/assets/map/community.js
  s_be192d0027462f::t_b93b14b3ed73d7 40,107,131,171,173-174,176,201,204,251,255,280,282,303-304,310
web/config/packages/asset_mapper.yaml
  s_be192d0027462f::t_b93b14b3ed73d7 14
web/src/Controller/ModerateMessageController.php
  s_be192d0027462f::t_b93b14b3ed73d7 72,142
Makefile
  s_be192d0027462f::t_b93b14b3ed73d7 1,28,48,62,66,70,95,108,125,141,165,175,186,196,208,210,212,216,226,241,248,277,310,317,336
web/assets/map/filters.js
  s_be192d0027462f::t_b93b14b3ed73d7 3
web/src/Api/V1/CategoryTable.php
  s_be192d0027462f::t_b93b14b3ed73d7 21
docs/specs/climb-elevation.md
  s_be192d0027462f::t_b93b14b3ed73d7 12,16,52,69,90,93,120,135,158-159,166,173,179,185,194,200,221,230,232,237,249,254-255,262,271,279,293-295,308,317,324,331,348,352-353,358,362,393,400,426,444,450-451,467,477,480,487,496,499,502,516,522,529,540,558,580,589-590,594,621,687,705,729,750,768,783,796,801,807,813,823,850,852,869,875,902-903,922,927,939,949,957,962,969,975,984,986,1002,1010,1037,1063,1068,1074,1079,1093,1098,1109-1110,1127,1129,1136-1137,1162,1167,1172-1173,1182-1183,1193,1198-1199,1213,1218,1220,1236,1254,1261,1266-1267,1286,1301-1302,1476,1479,1481-1482,1485,1494,1500,1505-1506,1511,1513,1516,1521
LICENSES/OFL-1.1.txt
  s_be192d0027462f::t_b93b14b3ed73d7 19
docs/specs/edit-items/A-road-surface.md
  s_be192d0027462f::t_b93b14b3ed73d7 3,12,22-23,29,39,52,56,61,72,77,84,94,100,103,109,113,117-118,130,139,203,212,217,223,229,231,236,238,243,257,273,279,286,299,306,319,323-324,329,334,342,351,357,385,389,397,407-408,418-419,426,434,450,457,462,473,482,486,490,496-497,509,529,537-538,550,558,563,568,575,588
wiki/developers/gis-beyond/elevation.md
  s_be192d0027462f::t_4895b03f2a9d1a 36-37,43,62,76,89-90,106,111,126,134-135,208,212,216,220,255,259-260,274-275,294,297,299,320-321,323,350,353
pipeline/Dockerfile
  s_be192d0027462f::t_b93b14b3ed73d7 4,49,62
pipeline/tests/test_load.py
  s_be192d0027462f::t_b93b14b3ed73d7 2,134,150,164,170,180,248,273,401,404,436,443,484,496,522,537,569,614,641,694,713,736,747,764
web/migrations/Version20260715120000.php
  s_be192d0027462f::t_b93b14b3ed73d7 16,23-24
web/migrations/Version20260802010000.php
  s_be192d0027462f::t_b93b14b3ed73d7 39,47
web/assets/map/map.js
  s_be192d0027462f::t_b93b14b3ed73d7 39,86,93,123,144,149,189,213
web/templates/security/2fa_login.html.twig
  s_be192d0027462f::t_0ea8e85ddb55f0 2
web/migrations/Version20260729120000.php
  s_be192d0027462f::t_b93b14b3ed73d7 16
tools/divisions/config.py
  s_be192d0027462f::t_b93b14b3ed73d7 13,49,52,57,62,73,98,122,135,140,169,174,203,207,221,249,253,272,275,316,330,337,347,375-376,378,383-384,393,398,417,421,439,482,484,489,514,517,543,549,552,571,593
web/templates/admin/_pager.html.twig
  s_be192d0027462f::t_0ea8e85ddb55f0 5,7,13-17,42,54-55
docs/specs/edit-items/B-water-food.md
  s_be192d0027462f::t_b93b14b3ed73d7 3,9,11,25-26,43
tools/wikimedia/climb_foot.py
  s_be192d0027462f::t_b93b14b3ed73d7 9,18,27-28,117,133,154,187
web/assets/map/scout-segments.js
  s_be192d0027462f::t_b93b14b3ed73d7 5,24,28,72,86
developers/docker/tiles-proxy.conf.template
  s_be192d0027462f::t_b93b14b3ed73d7 1,6,19
wiki/stylesheets/extra.css
  s_be192d0027462f::t_4895b03f2a9d1a 2,4,31,38,49,73,84,114,135,159,172,186,192,237-238,241,247,269,279,282,285,307,342,349,353,372,377,446,468,483,510,529,565
web/templates/partials/_scout_logo.html.twig
  s_be192d0027462f::t_0ea8e85ddb55f0 10
docs/specs/README.md
  s_be192d0027462f::t_b93b14b3ed73d7 3,9,22,24,26,30,32-35,38,40-42,45-46,66,69,73,82,93,96,101
docs/specs/api-strategy.md
  s_be192d0027462f::t_b93b14b3ed73d7 3,13,57,70,75,79,84,92,95,112,115,123,132,139,143,153,157,169,173,188
docs/specs/route-domain.md
  s_be192d0027462f::t_b93b14b3ed73d7 3,10,15,24,31-32,65,70,75,81-82,88,95,98,107,113-114,119,130,142,151,153,158,163,167,172,174,184,186-187,197,207,213,223,238,241,278,281,291,332,342,348,371,375,381-382,390,396,402,410,414,430,432,438,447,450-451,457-460,462,476,486,490,494,499,508,520,522,525,528,536,544
tools/elevation/README.md
  s_be192d0027462f::t_b93b14b3ed73d7 6-7,27,35,44,51,67-68,76,83-84,92,107,117,122,129,134,139,152,162,179,182,186,198,206,228,244,253,268
web/assets/map/pending-shape.js
  s_be192d0027462f::t_b93b14b3ed73d7 16
pipeline/tests/test_run.py
  s_be192d0027462f::t_b93b14b3ed73d7 2,119,145,190,228,230,237
web/assets/map/render.js
  s_be192d0027462f::t_b93b14b3ed73d7 20,36,54,56,102,131,150,210,256-261,267,342,360,370,397,399,401,428,432,452,464,483,500-501,520,555,573
web/config/packages/scheb_2fa.yaml
  s_be192d0027462f::t_b93b14b3ed73d7 31
web/templates/registration/confirmation_email.html.twig
  s_be192d0027462f::t_0ea8e85ddb55f0 2
web/templates/admin/moderator_areas_overview.html.twig
  s_be192d0027462f::t_0ea8e85ddb55f0 5,37
web/templates/profile/show.html.twig
  s_be192d0027462f::t_0ea8e85ddb55f0 2,31,76,192,229,250,280
tools/wallonia/build_all.py
  s_be192d0027462f::t_b93b14b3ed73d7 21,41,130,150,166,198
web/assets/js/cc-dates.js
  s_be192d0027462f::t_b93b14b3ed73d7 32
web/templates/admin/dashboard.html.twig
  s_be192d0027462f::t_0ea8e85ddb55f0 41-42
tools/wallonia/route_surfaces.py
  s_be192d0027462f::t_b93b14b3ed73d7 6,19,27,41,52,131,147
web/src/Catalog/RouteRankingService.php
  s_be192d0027462f::t_b93b14b3ed73d7 63
web/src/Contribution/CatalogContributionService.php
  s_be192d0027462f::t_b93b14b3ed73d7 948
web/config/packages/rate_limiter.yaml
  s_be192d0027462f::t_b93b14b3ed73d7 4,76,91,128,228,240,330
web/templates/moderate_regions/about.html.twig
  s_be192d0027462f::t_0ea8e85ddb55f0 93,97
web/assets/map/picking.js
  s_be192d0027462f::t_b93b14b3ed73d7 52,68-69,88
web/src/Controller/LocaleController.php
  s_be192d0027462f::t_b93b14b3ed73d7 16,43,83
web/templates/pages/about.html.twig
  s_be192d0027462f::t_0ea8e85ddb55f0 83
web/templates/security/register.html.twig
  s_be192d0027462f::t_0ea8e85ddb55f0 2
web/migrations/Version20260808220000.php
  s_be192d0027462f::t_b93b14b3ed73d7 16-17,38-39
web/config/packages/security.yaml
  s_be192d0027462f::t_b93b14b3ed73d7 50,72,84,93,99,108
wiki/data-priority.md
  s_be192d0027462f::t_4895b03f2a9d1a 5,22,27,61,102,131,143-144,156,161,178,181,214,237,243,248,258-259,268,273,291,308,310,331,341
web/src/Catalog/Command/LinkOsmCommand.php
  s_be192d0027462f::t_b93b14b3ed73d7 32-33,35,118,127
web/src/Catalog/Entity/CatalogFinding.php
  s_be192d0027462f::t_b93b14b3ed73d7 21,208
web/translations/messages.nl.yaml
  s_be192d0027462f::t_f094ca9b196b12 28,126,143-144,147,155-156,182,184,219,244-249,260,291,295,310,314,318,320,376,381-382,386,388,390,393-394,398,400,403-404,408,410,413-414,418,420,430,483,488,506,514,519,585,599,629,657,660,662,671,689,704,707,719,738,752,756,762,812,825,888,977,1006,1061,1072,1115,1134,1231,1238,1279,1284,1298,1320,1391,1427,1466,1482,1493,1511,1571-1572,1608,1629-1631,1643-1644,1653,1663,1733,1747,1753,1756,1764,1772,1781,1783,1808,1822,1848,1916-1917,1985,2042-2043,2079,2086,2088,2108-2111,2124,2126-2127,2131,2139,2147,2149,2153-2154,2166,2175,2204-2206,2212-2213,2215-2216,2218-2219,2224-2226,2277,2282,2288,2295,2297,2319-2320,2326-2329,2333,2344-2347,2358,2360-2361,2367,2374,2379,2381,2383,2391,2407,2412-2413,2443,2482,2485,2490,2503,2512-2513,2516-2518,2520,2544,2547,2553,2559,2562,2564,2578,2583,2585,2594,2598-2599,2605,2657,2743,2745,2776,2779-2780,2785,2808,2859,2933,2935,2940,2944,2947-2948,2950,2956,3031,3052,3078,3088,3090,3094,3097,3112,3118,3145,3161,3165,3168,3182,3197-3200,3211,3584,3586,3588-3592,3594,3596-3597,3600-3609,3612,3614,3616,3618,3620,3622,3624,3626,3628,3630,3632,3634,3646-3650,3652-3654,3656,3658-3659,3662,3664,3666,3768,3781,3849,3855,3867,3885,3909,3911,3940,3950,3956,3960,4031,4054,4056-4057,4059-4060,4065-4066,4069,4077,4089,4113,4119,4150,4152-4153,4200,4295,4309,4336,4383,4396,4410-4413,4427,4469
web/src/Controller/MapController.php
  s_be192d0027462f::t_b93b14b3ed73d7 116,119,128,151,440,479,512,537,561,598
mkdocs.yml
  s_be192d0027462f::t_b93b14b3ed73d7 4,33,68,74,87
web/assets/map/scope-chips.js
  s_be192d0027462f::t_b93b14b3ed73d7 65,102
web/src/Community/CuratorApplicationService.php
  s_be192d0027462f::t_b93b14b3ed73d7 81
web/assets/map/util.js
  s_be192d0027462f::t_b93b14b3ed73d7 6,8,16,51
web/templates/admin/playbook_photo_flood.html.twig
  s_be192d0027462f::t_0ea8e85ddb55f0 37,39,57
pipeline/tests/test_run_surface.py
  s_be192d0027462f::t_b93b14b3ed73d7 2,113
web/assets/js/register-validate.js
  s_be192d0027462f::t_b93b14b3ed73d7 3
web/assets/scout/android-screen.svg
  s_be192d0027462f::t_b93b14b3ed73d7 3,45
web/assets/map/catalog.js
  s_be192d0027462f::t_b93b14b3ed73d7 8,48,57,60,75,91,99
docs/specs/security-architecture.md
  s_be192d0027462f::t_b93b14b3ed73d7 17,19,21,23,26,37,45-46,68,70,86,93,106,108,132,137,139,143,151,160,190,217,227,238,240,245,312,325,330,343,366,381,384,388,394,422,445-446,491-503,510,527,529,597,603,609,612
docs/specs/edit-items/README.md
  s_be192d0027462f::t_b93b14b3ed73d7 3,13,26,30,32,34,39,42-43,46,53,56,61,64,66,68-69,71,73,87,94,100,110,112-113,124,126,130,134,140,149-150,154,157-160,163,166-168,171,179,181,188-189,194,199-200,203-204,206-207,212,215,218,224,228,235,256,261,270-271,278,283-286,321-322
web/assets/map/catalog-load.js
  s_be192d0027462f::t_b93b14b3ed73d7 45,77,102
tools/check-wiki-spdx.sh
  s_be192d0027462f::t_b93b14b3ed73d7 6,12,16
web/assets/map/drawer.js
  s_be192d0027462f::t_b93b14b3ed73d7 32,79,88,92,108,175,180,232,244,247,259-260,315,317,366-367,376,387,394,400,441,461,478,492,520,555,569,575,580,610,613,619,626,635,650,729,737,762,764,810,812,998-999,1006,1030,1034,1042
docs/specs/edit-items/N-climbs.md
  s_be192d0027462f::t_b93b14b3ed73d7 3,11,16,26,33,41,62,71,83,88,91,97,101,106,201,210,219-220,235,251-252,262,273-274,281-282,332
docs/specs/edit-items/D-bike-services.md
  s_be192d0027462f::t_b93b14b3ed73d7 3,11,14,16,19-20,41,44,49-50,57,79,81,98,108
web/assets/map/osm-pools.js
  s_be192d0027462f::t_b93b14b3ed73d7 19,33,121,131,137-140
web/importmap.php
  s_be192d0027462f::t_b93b14b3ed73d7 24,37
web/migrations/Version20260802110000.php
  s_be192d0027462f::t_b93b14b3ed73d7 16-17,23,26
web/assets/map/corrections.js
  s_be192d0027462f::t_b93b14b3ed73d7 4,58
web/migrations/Version20260802235000.php
  s_be192d0027462f::t_b93b14b3ed73d7 17
web/src/Catalog/ConfirmationStance.php
  s_be192d0027462f::t_b93b14b3ed73d7 21
web/src/Catalog/RegionRegistryProvider.php
  s_be192d0027462f::t_b93b14b3ed73d7 57
web/src/Controller/Admin/ResetPasswordRequestCrudController.php
  s_be192d0027462f::t_b93b14b3ed73d7 50,59
tools/wallonia/climbs.py
  s_be192d0027462f::t_b93b14b3ed73d7 4,18,133,135,140,207,210
developers/docker/db/init/01-postgis.sql
  s_be192d0027462f::t_b93b14b3ed73d7 7
web/migrations/Version20260731120000.php
  s_be192d0027462f::t_b93b14b3ed73d7 38
web/assets/map/panels.js
  s_be192d0027462f::t_b93b14b3ed73d7 40,75,165,235,247,250,259,276,315,349,380,457,462,488
web/templates/pages/developers_api.html.twig
  s_be192d0027462f::t_0ea8e85ddb55f0 3,6,14-15,47
tools/check-wiki-code-drift.py
  s_be192d0027462f::t_b93b14b3ed73d7 5,26,47,147,169,181,189,198
web/.env.dev.local.example
  s_be192d0027462f::t_b93b14b3ed73d7 2,33,44,49,56,67,76,104,110,112-113,128,131,137
web/src/Controller/ModerateController.php
  s_be192d0027462f::t_b93b14b3ed73d7 96,133,170,267,452,474,647
docs/specs/media-storage-architecture.md
  s_be192d0027462f::t_b93b14b3ed73d7 10,88,97,139,145,211,224,240,256,265,326-327,329
web/migrations/Version20260712120000.php
  s_be192d0027462f::t_b93b14b3ed73d7 16
pipeline/tests/test_surface.py
  s_be192d0027462f::t_b93b14b3ed73d7 24-25,55,72,143,181,187,195,199,234,251
web/templates/admin/withheld_photos.html.twig
  s_be192d0027462f::t_0ea8e85ddb55f0 9,77
pipeline/tests/test_publish_routes.py
  s_be192d0027462f::t_b93b14b3ed73d7 46
tools/wikimedia/README.md
  s_be192d0027462f::t_b93b14b3ed73d7 4,21,33,38,47,57,74,91,104,108
docs/specs/public-api.md
  s_be192d0027462f::t_b93b14b3ed73d7 3,30,35,37-38,41,51,65-66,73,77,84-85,113-114,127,132,166,177,181,191,199,235,241,264,272,285,288,293,300,328,342
web/assets/pages/regions-typeahead.js
  s_be192d0027462f::t_b93b14b3ed73d7 10
.gitattributes
  s_be192d0027462f::t_b93b14b3ed73d7 4
web/src/Controller/MediaTakedownController.php
  s_be192d0027462f::t_b93b14b3ed73d7 49
web/src/Catalog/Command/SeedClimbsCommand.php
  s_be192d0027462f::t_b93b14b3ed73d7 25,82,125,225,288,305
pipeline/tests/test_extract.py
  s_be192d0027462f::t_b93b14b3ed73d7 2,26
web/src/Catalog/Command/LinkRecheckCommand.php
  s_be192d0027462f::t_b93b14b3ed73d7 19
docs/specs/edit-items/R-quality-rides.md
  s_be192d0027462f::t_b93b14b3ed73d7 3,9,14,20-21,36-37,41,46,48,51,55,61-62,65,67,97-98,100,113
web/migrations/Version20260824230000.php
  s_be192d0027462f::t_b93b14b3ed73d7 25,51
web/templates/bundles/TwigBundle/Exception/error.html.twig
  s_be192d0027462f::t_0ea8e85ddb55f0 3,8,13,27,54
web/templates/pages/join_country.html.twig
  s_be192d0027462f::t_0ea8e85ddb55f0 6,12
overrides/partials/logo.html
  s_be192d0027462f::t_b93b14b3ed73d7 5,11,17
web/migrations/Version20260710120000.php
  s_be192d0027462f::t_b93b14b3ed73d7 16
web/migrations/Version20260812200000.php
  s_be192d0027462f::t_b93b14b3ed73d7 21-22,30
web/config/packages/twig.yaml
  s_be192d0027462f::t_b93b14b3ed73d7 9
docs/specs/account-and-auth.md
  s_be192d0027462f::t_b93b14b3ed73d7 24,40,44,48,56,64-67,71-73,75,89,100,104,118,130,149,161,191,201,204,211-212,253,255,258,263,272,279,285,305,365,369,384,392,394-395,398,404,411,419,425-426,428,437,446,451,455,474,498,507-508,513,516,522,530,540,543,550,553,555,564,567-568,574,580,589,592,602,674,678,688,701,727-728,744,754,758,770,773-774,776,796,809,815,823,827,836,838,841,844,857,882,890,911,915,922,926,931,939,942,957,964,975-976,986,1001,1011,1013,1016,1046,1049,1056,1072,1078,1086,1096,1102,1115,1131,1141,1152,1154,1178,1181,1188,1193,1212,1235,1241,1243,1248,1251,1255
web/src/Catalog/Command/BackfillAttributesCommand.php
  s_be192d0027462f::t_b93b14b3ed73d7 36,177
wiki/developers/gis-beyond/edge-cases.md
  s_be192d0027462f::t_4895b03f2a9d1a 22,25,30,35,41-42,92,96,100,103,107-108,112-114,134-135,150,156,162,167-168,172,175,184,189,195,197,204,209,226-227,230,237,248-249,263,271-272,285,299,304,319
web/assets/map/places.js
  s_be192d0027462f::t_b93b14b3ed73d7 31,36,86,96,208
web/src/Catalog/Entity/ChangeHistory.php
  s_be192d0027462f::t_b93b14b3ed73d7 24
pipeline/tests/test_publish.py
  s_be192d0027462f::t_b93b14b3ed73d7 2,122
tools/wikimedia/tests/test_harvest_shaping.py
  s_be192d0027462f::t_b93b14b3ed73d7 194
web/migrations/Version20260801170000.php
  s_be192d0027462f::t_b93b14b3ed73d7 31
SECURITY.md
  s_be192d0027462f::t_b93b14b3ed73d7 3,10,38,46
web/src/Catalog/SurfaceVocabulary.php
  s_be192d0027462f::t_b93b14b3ed73d7 10,20,26,35,45-46,73
web/assets/map/climb-profile.js
  s_be192d0027462f::t_b93b14b3ed73d7 4,77,91
tools/wallonia/tests/test_climbs.py
  s_be192d0027462f::t_b93b14b3ed73d7 9
web/templates/partials/_account_chip.html.twig
  s_be192d0027462f::t_0ea8e85ddb55f0 44
web/assets/map/theme.js
  s_be192d0027462f::t_b93b14b3ed73d7 4
web/templates/moderate/_queue_item.html.twig
  s_be192d0027462f::t_0ea8e85ddb55f0 6-7,11,26,102,119,140,161,187,200,215,232,258,264
web/templates/partials/_head.html.twig
  s_be192d0027462f::t_0ea8e85ddb55f0 25
pipeline/coverage/contract.py
  s_be192d0027462f::t_b93b14b3ed73d7 4,33,50,61,66,73,78,88,138,165,169,181,195,231,247,251
tools/wallonia/tests/test_surface_contract.py
  s_be192d0027462f::t_b93b14b3ed73d7 24,42
tools/wikimedia/climb_candidates.py
  s_be192d0027462f::t_b93b14b3ed73d7 3,13,29,37,51,285
docs/specs/edit-items/G-shelter.md
  s_be192d0027462f::t_b93b14b3ed73d7 3,11,24,40
web/assets/home/hero.js
  s_be192d0027462f::t_b93b14b3ed73d7 13-14,31
web/migrations/Version20260708131000.php
  s_be192d0027462f::t_b93b14b3ed73d7 16
web/migrations/Version20260712150000.php
  s_be192d0027462f::t_b93b14b3ed73d7 16
web/src/Catalog/ChangeHistoryView.php
  s_be192d0027462f::t_b93b14b3ed73d7 25,78,83
web/assets/map/spotlight.js
  s_be192d0027462f::t_b93b14b3ed73d7 37,45,58
wiki/developers/data-ops/onboarding-a-country.md
  s_be192d0027462f::t_4895b03f2a9d1a 142
brand-src/gen_square_logo.py
  s_be192d0027462f::t_b93b14b3ed73d7 7-9
web/templates/moderate/_card_styles.html.twig
  s_be192d0027462f::t_0ea8e85ddb55f0 6,81,103,112,131,140,153,159,166
pipeline/requirements.txt
  s_be192d0027462f::t_b93b14b3ed73d7 1,6-8
web/assets/contribute/climb-editor.js
  s_be192d0027462f::t_b93b14b3ed73d7 30-31,321
web/migrations/Version20260703200142.php
  s_be192d0027462f::t_b93b14b3ed73d7 33,40
web/templates/contribute/vote.html.twig
  s_be192d0027462f::t_0ea8e85ddb55f0 111
pipeline/coverage/extract.py
  s_be192d0027462f::t_b93b14b3ed73d7 5,32
tools/gitleaks-prepush.sh
  s_be192d0027462f::t_b93b14b3ed73d7 5
tools/valhalla/build-continent-tiles.sh
  s_be192d0027462f::t_b93b14b3ed73d7 18,33-34,96,101,106,121,127,134,142,208,237,247,257
web/migrations/Version20260721120000.php
  s_be192d0027462f::t_b93b14b3ed73d7 15
web/templates/partials/_pager.html.twig
  s_be192d0027462f::t_0ea8e85ddb55f0 8-11,22,64-65
web/migrations/Version20260801160000.php
  s_be192d0027462f::t_b93b14b3ed73d7 15,31
web/migrations/Version20260713120000.php
  s_be192d0027462f::t_b93b14b3ed73d7 16
web/src/Catalog/CatalogProvider.php
  s_be192d0027462f::t_b93b14b3ed73d7 68,196,200,220,310,314,325,370,398,485
web/src/Catalog/CoverageStatsProvider.php
  s_be192d0027462f::t_b93b14b3ed73d7 201
web/src/Catalog/Import/DuplicateGuard.php
  s_be192d0027462f::t_b93b14b3ed73d7 151,160,173
web/src/Catalog/Import/OutboundLinks.php
  s_be192d0027462f::t_b93b14b3ed73d7 10,46
web/src/Catalog/RegionDirectoryProvider.php
  s_be192d0027462f::t_b93b14b3ed73d7 65,85,170
web/src/Catalog/CoverageRetirement.php
  s_be192d0027462f::t_b93b14b3ed73d7 10
docs/specs/edit-items/E-hazards.md
  s_be192d0027462f::t_b93b14b3ed73d7 3,9,11,14,29,43,53-54,77
web/.env.staging
  s_be192d0027462f::t_b93b14b3ed73d7 45,52,57,66,85,101,149
tools/wikimedia/out/region-context.json
  s_be192d0027462f::t_b93b14b3ed73d7 176,257,446,743,1182,1371,1398,1570,1717,1803,2019,2068,2122,2640,2667,2721,3516,3597,4083,4392,4959,5261,5288,5369,6044,6125,6476,6535,6800,6827,6854,6957
web/src/Contribution/ChangeValue.php
  s_be192d0027462f::t_b93b14b3ed73d7 122
web/migrations/Version20260731150000.php
  s_be192d0027462f::t_b93b14b3ed73d7 15,41
pipeline/coverage/publish.py
  s_be192d0027462f::t_b93b14b3ed73d7 7,53,104,111,119-120,125,133,188,201
wiki/landscape.md
  s_be192d0027462f::t_4895b03f2a9d1a 6,8,18-29,36-49,54-68,73-82,89-102,107-117,119,125
web/.env
  s_be192d0027462f::t_b93b14b3ed73d7 51,110,120,129,184,200,251,255,265,272
developers/docker/README.md
  s_be192d0027462f::t_b93b14b3ed73d7 1,4,35,41,70,92,117-118,123,133,135,142,149,175
web/templates/map/index.html.twig
  s_be192d0027462f::t_0ea8e85ddb55f0 11-12,21-22,27,29-30,37,141,152,167,187,344,361-362,462,509,668,674-675,694,699,725,727-728,740,742,750,757,766,779,795,803,814,833,838,841,852,858,908,915,921,927,962,967,979,981,986
tools/wikimedia/name_key_cases.json
  s_be192d0027462f::t_b93b14b3ed73d7 26
web/config/packages/html_sanitizer.yaml
  s_be192d0027462f::t_b93b14b3ed73d7 2-3
brand-src/gen_scout_logo.py
  s_be192d0027462f::t_b93b14b3ed73d7 6,12,21,41
web/templates/moderate_regions/index.html.twig
  s_be192d0027462f::t_0ea8e85ddb55f0 30,73,100,123,130,149,160,165,208
docs/specs/edit-items/F-getting-there.md
  s_be192d0027462f::t_b93b14b3ed73d7 3,11,14,40
tools/divisions/tests/test_export_divisions.py
  s_be192d0027462f::t_b93b14b3ed73d7 177,190,200
web/templates/contribute/improve.html.twig
  s_be192d0027462f::t_0ea8e85ddb55f0 30-31,40,52,61,112,127,135,209,246,251,282,385,415,464,531,544,588,592,605,627,635-638,644,647,660,671,697,700,704,709,724,764,792,816,852,854,871-872,895,901,913,917,919
tools/valhalla/run-continents.sh
  s_be192d0027462f::t_b93b14b3ed73d7 21
web/templates/emails/reset_password.html.twig
  s_be192d0027462f::t_0ea8e85ddb55f0 2
web/assets/map/ride-scope.js
  s_be192d0027462f::t_b93b14b3ed73d7 3
docs/specs/system-configuration.md
  s_be192d0027462f::t_b93b14b3ed73d7 19,48-49,76,78,84,89,106,147-148,159,178,191,198,207,218,235
web/config/packages/media.yaml
  s_be192d0027462f::t_b93b14b3ed73d7 9,17
web/templates/security/_auth_shell_styles.html.twig
  s_be192d0027462f::t_0ea8e85ddb55f0 31
web/assets/map/coverage.js
  s_be192d0027462f::t_b93b14b3ed73d7 3,36,46,161,258
web/config/packages/route_domain.yaml
  s_be192d0027462f::t_b93b14b3ed73d7 1
web/src/Catalog/Command/SeedWikidataPlacesCommand.php
  s_be192d0027462f::t_b93b14b3ed73d7 72,81,83,148,152,179,251
web/src/Catalog/Import/OsmLinker.php
  s_be192d0027462f::t_b93b14b3ed73d7 15,21,76
docs/specs/edit-items/C-public-toilets.md
  s_be192d0027462f::t_b93b14b3ed73d7 3,10,12,14,21,27,34,68
web/translations/messages.de.yaml
  s_be192d0027462f::t_f094ca9b196b12 28,126,143-144,147,155-156,182,219,244-249,260,291,295,310,314,318,320,329,376,381-382,386,388,390,393-394,398,400,403-404,408,410,413-414,418,420,430,483,488,506,514,519,585,599,629,634,657,660,662,671,689,704,707,719,738,752,756,762,812,825,888,977,1006,1061,1072,1115,1134,1231,1238,1279,1284,1298,1320,1391,1427,1466,1482,1493,1511,1571-1572,1608,1629-1631,1643-1644,1653,1663,1677,1718,1726,1735-1736,1749-1750,1756,1759,1767,1775,1784,1786,1811,1825,1851,1919-1920,1988,2045-2046,2082,2089,2091,2102,2111-2114,2127,2129-2130,2134,2142,2150,2152,2156-2157,2169,2178,2207-2209,2215-2216,2218-2219,2221-2222,2227-2229,2280,2285,2291,2298,2300,2322-2323,2329-2332,2336,2347-2350,2361,2363-2364,2370,2377,2382,2384,2386,2394,2410,2415-2416,2446,2485,2488,2493,2506,2515-2516,2519-2521,2523,2547,2550,2556,2562,2565,2567,2581,2586,2588,2597,2601-2602,2608,2660,2746,2748,2779,2782-2783,2788,2811,2862,2936,2938,2943,2947,2950-2951,2953,2959,3034,3055,3081,3091,3093,3097,3100,3115,3121,3148,3164,3168,3171,3185,3200-3203,3214,3587,3589,3591-3595,3597,3599-3600,3603-3612,3615,3617,3619,3621,3623,3625,3627,3629,3631,3633,3635,3637,3649-3653,3655-3657,3659,3661-3662,3665,3667,3669,3771,3784,3852,3858,3870,3888,3912,3914,3938,3943,3953,3959-3960,3963,4034,4057,4059-4060,4062-4063,4068-4069,4072,4080,4092,4116,4122,4153,4155-4156,4203,4298,4312,4339,4386,4399,4413-4416,4430,4472,4482
web/assets/map/lightbox.js
  s_be192d0027462f::t_b93b14b3ed73d7 9,36,58
web/assets/map/routes-tiles.js
  s_be192d0027462f::t_b93b14b3ed73d7 275,286,298
CONTRIBUTING.md
  s_be192d0027462f::t_b93b14b3ed73d7 4,8,14,26,39,42,48,54,61,71,101,107,113-114
web/migrations/Version20260710120100.php
  s_be192d0027462f::t_b93b14b3ed73d7 16
web/src/Controller/Admin/DashboardController.php
  s_be192d0027462f::t_b93b14b3ed73d7 354,409,439
web/src/Controller/MediaController.php
  s_be192d0027462f::t_b93b14b3ed73d7 50,122,147,150,158,164,177
web/src/Controller/MessagesController.php
  s_be192d0027462f::t_b93b14b3ed73d7 56,91,125
web/templates/partials/_vclip.html.twig
  s_be192d0027462f::t_0ea8e85ddb55f0 4-5
pipeline/app/main.py
  s_be192d0027462f::t_b93b14b3ed73d7 2
web/templates/pages/privacy.html.twig
  s_be192d0027462f::t_0ea8e85ddb55f0 39
.gitleaks.toml
  s_be192d0027462f::t_b93b14b3ed73d7 2,10
GOVERNANCE.md
  s_be192d0027462f::t_b93b14b3ed73d7 5,8-9,15,17,23,29,33,35,42
web/migrations/Version20260708130000.php
  s_be192d0027462f::t_b93b14b3ed73d7 16
web/src/Catalog/Command/RetireBakedLengthCommand.php
  s_be192d0027462f::t_b93b14b3ed73d7 142,176
web/assets/map/surface-tiles.js
  s_be192d0027462f::t_b93b14b3ed73d7 16,41,271,412,582,730
web/templates/security/reset_password_request.html.twig
  s_be192d0027462f::t_0ea8e85ddb55f0 2
tools/divisions/export_divisions.py
  s_be192d0027462f::t_b93b14b3ed73d7 9,13,17,32,104,121,128,148,166,190,193,208
web/src/Catalog/CuratedReadiness.php
  s_be192d0027462f::t_b93b14b3ed73d7 15,138,153
licenses/COMMONS-TRANSLATIONS-LICENSE.md
  s_be192d0027462f::t_b93b14b3ed73d7 1,7-8,14,18-19,26,35,38-39
web/.env.test
  s_be192d0027462f::t_b93b14b3ed73d7 23
web/assets/map/item-index.js
  s_be192d0027462f::t_b93b14b3ed73d7 19,37,53
docs/specs/catalog-data-model.md
  s_be192d0027462f::t_b93b14b3ed73d7 12,36,44,56,58,60,82,92,94-95,104,114,124,144,148,155,159,162,171,176,183,186,188,228,232,243,247,261,298,301,304,323,340-341,363-364,557,569,573,580,586,596,601,606,610,613,619,669,777,852,894,907,921,936,940,948,962,990,1001-1002,1012,1038,1065,1073,1095,1101,1108,1111,1137
tools/valhalla/README.md
  s_be192d0027462f::t_b93b14b3ed73d7 20,73
pipeline/tests/fixtures/mini.osm
  s_be192d0027462f::t_b93b14b3ed73d7 41
tools/elevation/fetch-glo30.sh
  s_be192d0027462f::t_b93b14b3ed73d7 45-46,51,55,70
web/templates/security/login.html.twig
  s_be192d0027462f::t_0ea8e85ddb55f0 2
pipeline/tests/test_publish_surface.py
  s_be192d0027462f::t_b93b14b3ed73d7 106,143
web/assets/contribute/editor-base.js
  s_be192d0027462f::t_b93b14b3ed73d7 90
web/src/Catalog/Command/SeedManualCatalogCommand.php
  s_be192d0027462f::t_b93b14b3ed73d7 55,88,123,125,129,202,210,219,227-228,235-236,269,300,308,313,318,326-327,463,497
web/src/Catalog/ContributorWallProvider.php
  s_be192d0027462f::t_b93b14b3ed73d7 136,154
web/src/Catalog/Entity/Item.php
  s_be192d0027462f::t_b93b14b3ed73d7 94
pipeline/coverage/run.py
  s_be192d0027462f::t_b93b14b3ed73d7 2,70,85,96,100,110,138,149,156,182,189,195,223-224,232,248,255-256,288,294,311,317-318,331,353,363,401,424,443,511,552,559,582,589,594,607-608,618
web/src/Catalog/CatalogField.php
  s_be192d0027462f::t_b93b14b3ed73d7 32,68
web/src/Catalog/FindingKind.php
  s_be192d0027462f::t_b93b14b3ed73d7 13
web/templates/emails/account_deletion.html.twig
  s_be192d0027462f::t_0ea8e85ddb55f0 2,17
web/migrations/Version20260727140000.php
  s_be192d0027462f::t_b93b14b3ed73d7 16,21
web/src/Community/PublicNoteFilter.php
  s_be192d0027462f::t_b93b14b3ed73d7 22
web/src/Controller/ApiController.php
  s_be192d0027462f::t_b93b14b3ed73d7 13
pipeline/coverage/surface.py
  s_be192d0027462f::t_b93b14b3ed73d7 6,12,17,19,23-24,34,69,76,90,96,131,166,207,236,238,254,350
web/src/Controller/ModerateDataController.php
  s_be192d0027462f::t_b93b14b3ed73d7 27,38,49
web/config/packages/cache.yaml
  s_be192d0027462f::t_b93b14b3ed73d7 19
web/assets/data/regions-data.js
  s_be192d0027462f::t_b93b14b3ed73d7 5
web/templates/security/_auth_shell_panel.html.twig
  s_be192d0027462f::t_0ea8e85ddb55f0 3
docs/specs/dev-environment.md
  s_be192d0027462f::t_b93b14b3ed73d7 40,51-52,56,69,90-91,96-98,121,129,136,142,155,160,169,177,186,190,195,197,199,224,233,268,275,277,279,281,288,328,331,385,396,410,459,470,485,509
tools/divisions/probe_areas.py
  s_be192d0027462f::t_b93b14b3ed73d7 6,27,55,62,68,73
pipeline/coverage/tiles.py
  s_be192d0027462f::t_b93b14b3ed73d7 10,69-70,91,97,112,127,132,161,172,227,235-236,267,285,311,322,350,352,360,370
web/assets/map/scope.js
  s_be192d0027462f::t_b93b14b3ed73d7 27,65,107,117,154,170,193,203,217,226,241,383,480,497,505,576,585,702,754
web/config/packages/map_view_mode.yaml
  s_be192d0027462f::t_b93b14b3ed73d7 6,17,27
web/translations/messages.en.yaml
  s_be192d0027462f::t_f094ca9b196b12 28,126,143-144,147,155-156,182,219,244-249,260,291,295,310,314,318,320,376,381-382,386,388,390,393-394,398,400,403-404,408,410,413-414,418,420,430,483,488,506,514,585,599,629,634,657,660,662,671,689,704,707,719,738,752,756,762,812,825,888,904,981,1010,1065,1076,1119,1138,1235,1242,1283,1288,1302,1324,1395,1431,1470,1486,1497,1515,1575-1576,1612,1633-1635,1647-1648,1657,1667,1731,1745,1751,1754,1762,1770,1779,1781,1806,1822-1823,1828,1832-1836,1840,1851-1854,1865,1871-1872,1878,1885,1890,1892,1894,1902,1918,1923-1924,1954,1993,1996,2001,2014,2023-2024,2027-2029,2031,2057,2060,2066,2072,2075,2077,2095,2099,2102,2104,2113,2118,2124,2180,2266,2268,2295,2321,2341,2392-2393,2461,2518-2519,2555,2562,2564,2584-2587,2600,2602-2603,2607,2615,2623,2625,2629-2630,2642,2651,2680-2682,2688-2689,2691-2692,2694-2695,2700-2702,2753,2758,2764,2771,2773,2797,2800-2801,2806,2823,2829,2880,2954,2956,2961,2965,2968-2969,2971,2977,3052,3073,3099,3109,3111,3115,3118,3133,3139,3166,3182,3186,3189,3203,3218-3221,3232,3605,3607,3609-3613,3615,3617-3618,3621-3630,3633,3635,3637,3639,3641,3643,3645,3647,3649,3651,3653,3655,3667-3671,3673-3675,3677,3679-3680,3683,3685,3687,3789,3802,3870,3876,3888,3906,3933,3935,3961,3964,3966,3974,3980,3984,4055,4078,4080-4081,4083-4084,4089-4090,4093,4101,4113,4137,4143,4174,4176-4177,4224,4319,4333,4360,4407,4420,4434-4437,4451,4493
web/templates/contribute/_receipt_mark.html.twig
  s_be192d0027462f::t_0ea8e85ddb55f0 4
web/migrations/Version20260809120000.php
  s_be192d0027462f::t_b93b14b3ed73d7 15-16,33
web/migrations/Version20260813210000.php
  s_be192d0027462f::t_b93b14b3ed73d7 18,26
web/src/Command/Coverage/RetireLegacyOsmCommand.php
  s_be192d0027462f::t_b93b14b3ed73d7 57
web/assets/contribute/links-editor.js
  s_be192d0027462f::t_b93b14b3ed73d7 64
web/src/Catalog/FindingStatus.php
  s_be192d0027462f::t_b93b14b3ed73d7 14
web/assets/map/links.js
  s_be192d0027462f::t_b93b14b3ed73d7 24
licenses/COMMONS-TERMS-CLAUSE.md
  s_be192d0027462f::t_b93b14b3ed73d7 1,16,21-22,37,41,55-56
REUSE.toml
  s_be192d0027462f::t_b93b14b3ed73d7 2,29,67,75
docs/specs/operations.md
  s_be192d0027462f::t_b93b14b3ed73d7 2,14,79,101,116,126,159,170-171,180,183,192,202,205-206,248,251,253,320,334,338,370,379,387,396,408,413,422,430,443,460,473,475,477,483,560
.pre-commit-config.yaml
  s_be192d0027462f::t_b93b14b3ed73d7 3,12-13,20,67,86,98,110
pipeline/tests/conftest.py
  s_be192d0027462f::t_b93b14b3ed73d7 8,38,49,55
pipeline/tests/test_routes.py
  s_be192d0027462f::t_b93b14b3ed73d7 4,46,60,83-84,174,241,268
wiki/developers/gis-beyond/relations.md
  s_be192d0027462f::t_4895b03f2a9d1a 6,13-14,26,39,53,59,63,70,75,83,89,93-94,101,108,115,124-125,129,137,141-142,145-146,160,165,172,174,181,185,193,196,252
web/src/Controller/CoverageController.php
  s_be192d0027462f::t_b93b14b3ed73d7 268
docs/specs/photo-uploads.md
  s_be192d0027462f::t_b93b14b3ed73d7 3,23,38,42,46,49,53,60,67,73,79,101,113,118,124,128,159,165,169,174,213,284,289,293,304,313,332,337,339-341,350,354,359,361-362,365,373,377,388,390,392,396-397,406-407,410-411,419,440,442,444,448,452,457,463,468,485,491,502,511,524,532,539,542,544,553,555,560,563,572,575,588,603-604,611,623,629,657-658,660,668,675,679,689,698,706,714-715,719,728,739,746,766,771,783,786,789,794,802,806,816,822,828,833,835,841,847,853,860-861,875,879,1027,1036-1037,1046,1056,1071,1084,1091,1098,1114,1118,1120,1148
web/migrations/Version20260719140000.php
  s_be192d0027462f::t_b93b14b3ed73d7 13
web/src/Controller/ElevationController.php
  s_be192d0027462f::t_b93b14b3ed73d7 36,70,77
web/migrations/Version20260708120000.php
  s_be192d0027462f::t_b93b14b3ed73d7 13
web/templates/admin/playbook_email_change.html.twig
  s_be192d0027462f::t_0ea8e85ddb55f0 4
web/templates/messages/index.html.twig
  s_be192d0027462f::t_0ea8e85ddb55f0 2,10,53,103,123,146,155,172,184,192
web/templates/security/reset_password.html.twig
  s_be192d0027462f::t_0ea8e85ddb55f0 2
brand-src/logo-preview.html
  s_be192d0027462f::t_b93b14b3ed73d7 4,29,50
developers/docker/wiki/requirements.txt
  s_be192d0027462f::t_b93b14b3ed73d7 1
web/templates/partials/_lang_menu.html.twig
  s_be192d0027462f::t_0ea8e85ddb55f0 2,7
web/Dockerfile
  s_be192d0027462f::t_b93b14b3ed73d7 1,10,37,55,78
web/templates/map/_scout_review.html.twig
  s_be192d0027462f::t_0ea8e85ddb55f0 6,12,42,47,54
web/assets/map/map-init.js
  s_be192d0027462f::t_b93b14b3ed73d7 9,68,102
web/src/Catalog/ItemSource.php
  s_be192d0027462f::t_b93b14b3ed73d7 32
tools/wallonia/export.py
  s_be192d0027462f::t_b93b14b3ed73d7 7,29,64,97,101,112,122,141,231
web/README.md
  s_be192d0027462f::t_b93b14b3ed73d7 1,26,30-31,33,41-43
web/src/Catalog/Links/LinkVerdictStore.php
  s_be192d0027462f::t_b93b14b3ed73d7 38,63
wiki/building.md
  s_be192d0027462f::t_4895b03f2a9d1a 5,33-34,51,64,71,74-75,77,84,89,92,94,133,137,139-140,155,160,174,178,197,214,223
web/assets/map/search-ui.js
  s_be192d0027462f::t_b93b14b3ed73d7 23,28,86,109,127,141,147,176,182,219
tools/wikimedia/prescreen_seeded.py
  s_be192d0027462f::t_b93b14b3ed73d7 6,12,90,290,296,303,310,318,351,356,367,373,391
web/templates/settings/index.html.twig
  s_be192d0027462f::t_0ea8e85ddb55f0 22,42,103,222,230,251,277,351,365,460-461,501,525
developers/docker/nginx/app.conf
  s_be192d0027462f::t_b93b14b3ed73d7 1,9
tools/wallonia/pivot.py
  s_be192d0027462f::t_b93b14b3ed73d7 6,14,149,153
web/assets/js/cc-units.js
  s_be192d0027462f::t_b93b14b3ed73d7 4,51
web/assets/scout/garmin-screen.svg
  s_be192d0027462f::t_b93b14b3ed73d7 3
tools/wallonia/tests/test_export.py
  s_be192d0027462f::t_b93b14b3ed73d7 36,73,90,92,96,103,111,196
developers/coverage-batch.md
  s_be192d0027462f::t_b93b14b3ed73d7 1,7-8,17,31,45,78,90,130,158,168,174,177,180,192-193
NOTICE
  s_be192d0027462f::t_b93b14b3ed73d7 11
web/assets/styles/atlas.css
  s_be192d0027462f::t_b93b14b3ed73d7 2,76,94,97,126,145,246,304,309,411,421
docs/specs/translations.md
  s_be192d0027462f::t_b93b14b3ed73d7 3,77,110,130,137,139,148,169,182,312,328,348-349,358,368-369,616,657,1150,1161
web/templates/media/photo.html.twig
  s_be192d0027462f::t_0ea8e85ddb55f0 4-5,22,42,61,90
web/assets/media/MEDIA-CREDITS.md
  s_be192d0027462f::t_b93b14b3ed73d7 5,12,16-18
pipeline/coverage/routes.py
  s_be192d0027462f::t_b93b14b3ed73d7 6,12-13,17,23,27,31,54,63,69,77,88,97,104,188,199,217,221,270,304,315-316
web/assets/settings/base-location.js
  s_be192d0027462f::t_b93b14b3ed73d7 3,113
web/config/services.yaml
  s_be192d0027462f::t_b93b14b3ed73d7 27,32,121,140,229
wiki/developers/gis-beyond/routing.md
  s_be192d0027462f::t_4895b03f2a9d1a 9,17-18,22,29,52,57,63,74,78-79,98,101,106,108,112,147,155,177,189-190,195,238-239,259
web/templates/account/_shell_chrome.html.twig
  s_be192d0027462f::t_0ea8e85ddb55f0 8,11,29,39,44,63,66
tools/mkdocs_github_links.py
  s_be192d0027462f::t_b93b14b3ed73d7 4-5,16,64,108
docs/specs/map-and-search.md
  s_be192d0027462f::t_b93b14b3ed73d7 9,11,39,48,56,71,73,82,85,88,102-103,109,112,124,132,286,288,307-308,315,320-321,332,343,349,354,360,368,371,373,381,414,416,420,424,429,433,436,441,445,448,534,632,641,656,665,669,684,734,739,749-750,759,772,775,780,797,804,807,814,820,827,832-833,907,909,917,921,932,939,949,968-969,988,1117,1119,1126,1129,1137,1143,1191,1203,1206,1216,1222,1229,1239,1243,1251,1256-1257,1262,1266,1271,1280,1302,1308,1315,1323,1326-1327,1334,1344,1351,1360,1366,1376,1422,1425,1431,1438,1445,1455,1473,1482,1492,1498,1518,1526,1532,1541,1609,1645-1647,1650,1655,1668,1687,1697,1703,1798,1805-1806,1811,1819,1828,1830,1845,1851,1854,1864,1878,1880,1896,1902,1958,1960,1971,1979,1984,1992,1996,2005,2015,2033,2040,2045,2060,2066,2116,2121,2131,2148,2193,2210,2222,2228,2236,2240,2245,2253,2261,2265,2282,2292,2295,2306,2320-2321,2326
web/assets/styles/map.css
  s_be192d0027462f::t_b93b14b3ed73d7 8,197,201,226,243,255,268,275,308,319,346,380,390,395,400-401,404,419-420,445,461,473,476,478-479,481,494,501,531,536,578,622,729,732,754,761-762,837,863,994,1056,1112,1115,1126,1148,1167,1175,1194,1267,1288,1318,1340,1380,1382,1457,1466,1468,1525,1553
tools/wikimedia/country_places.py
  s_be192d0027462f::t_b93b14b3ed73d7 16,18,23,53,61,65,69,82,120,126,142,152,177,202,254,259,261,265
web/src/Catalog/RideCheckService.php
  s_be192d0027462f::t_b93b14b3ed73d7 14,254
web/src/Controller/DataExportController.php
  s_be192d0027462f::t_b93b14b3ed73d7 24,53
tools/divisions/tests/test_probe_areas.py
  s_be192d0027462f::t_b93b14b3ed73d7 74
web/templates/moderate/_card_script.html.twig
  s_be192d0027462f::t_0ea8e85ddb55f0 14,24,55,80,103,112,118,123,152
web/src/Controller/JoinCountryController.php
  s_be192d0027462f::t_b93b14b3ed73d7 77
pipeline/tests/test_contract.py
  s_be192d0027462f::t_b93b14b3ed73d7 106
wiki/developers/gis-beyond/reprojection.md
  s_be192d0027462f::t_4895b03f2a9d1a 5-6,20,26,46,51,56,66,71,73,75-76,79-80,84-85,97,121,134,148,153,157-158,163,165,172,175,194,197,199,205
web/src/Catalog/Command/RefreshFindingsCommand.php
  s_be192d0027462f::t_b93b14b3ed73d7 36,118
web/src/Controller/ModerateRegionsController.php
  s_be192d0027462f::t_b93b14b3ed73d7 25,163
web/templates/moderate/index.html.twig
  s_be192d0027462f::t_0ea8e85ddb55f0 59
web/templates/emails/dormancy_notice.html.twig
  s_be192d0027462f::t_0ea8e85ddb55f0 49
tools/valhalla/fetch-global-dem.sh
  s_be192d0027462f::t_b93b14b3ed73d7 54,61,82,90,93,100,105,170,223,234,246,267-268,278,282
web/migrations/Version20260701150000.php
  s_be192d0027462f::t_b93b14b3ed73d7 11
README.md
  s_be192d0027462f::t_b93b14b3ed73d7 7,9-10,13,18,21,25,27,29-30,38-43,45,49,57,61,108,111,131,140,142,152,160,165-166,175-180,184,187-191
web/migrations/Version20260819220000.php
  s_be192d0027462f::t_b93b14b3ed73d7 16
web/psalm.xml
  s_be192d0027462f::t_b93b14b3ed73d7 28
web/templates/pages/regions.html.twig
  s_be192d0027462f::t_0ea8e85ddb55f0 212,236,241
tools/wallonia/tests/test_fixture_valid.py
  s_be192d0027462f::t_b93b14b3ed73d7 11
web/assets/contribute/improve.js
  s_be192d0027462f::t_b93b14b3ed73d7 52,57,282,309-311,998,1110
web/config/packages/coverage.yaml
  s_be192d0027462f::t_b93b14b3ed73d7 2,11,14
overrides/main.html
  s_be192d0027462f::t_b93b14b3ed73d7 5
pipeline/tests/test_parse.py
  s_be192d0027462f::t_b93b14b3ed73d7 2,47,56,61-62,107,132
pipeline/.dockerignore
  s_be192d0027462f::t_b93b14b3ed73d7 2,7
pipeline/contract/coverage-contract.json
  s_be192d0027462f::t_b93b14b3ed73d7 331
web/templates/admin/moderator_areas.html.twig
  s_be192d0027462f::t_0ea8e85ddb55f0 4,20
docs/specs/edit-items/P-scenic-views.md
  s_be192d0027462f::t_b93b14b3ed73d7 3,11,14,20,24,50-51,56
tools/wikimedia/out/2026-09-06-final/climb-sides-AU.json
  s_ec895423d98b88::t_dbc74e2fa77265 1-12153
tools/wikimedia/out/2026-09-06-final/climb-sides-CA.json
  s_ec895423d98b88::t_c402c2cbd221ea 1-31661
tools/wikimedia/out/2026-09-06-final/climb-sides-CL.json
  s_ec895423d98b88::t_cd6f59e898911f 1-48911
tools/wikimedia/out/2026-09-06-final/climb-sides-CO.json
  s_ec895423d98b88::t_b6406f43a296d9 1-82610
tools/wikimedia/out/2026-09-06-final/climb-sides-DE.json
  s_ec895423d98b88::t_53a30fede83ec4 1-49706
tools/wikimedia/out/2026-09-06-final/climb-sides-GB.json
  s_ec895423d98b88::t_39ae0e6a3046d6 1-16916
tools/wikimedia/out/2026-09-06-final/climb-sides-JP.json
  s_ec895423d98b88::t_488f09051e3b97 1-42808
tools/wikimedia/out/2026-09-06-final/climb-sides-LU.json
  s_ec895423d98b88::t_c91671b7083f46 1-6371
tools/wikimedia/out/2026-09-06-final/climb-sides-NL.json
  s_ec895423d98b88::t_618ab8664aed76 1-5358
tools/wikimedia/out/2026-09-06-final/climb-sides-NZ.json
  s_ec895423d98b88::t_abbe4c8a634661 1-21372
tools/wikimedia/out/2026-09-06-final/climb-sides-RW.json
  s_ec895423d98b88::t_ce2c03ed3bec83 1-12489
tools/wikimedia/out/2026-09-06-final/climb-sides-SI.json
  s_ec895423d98b88::t_2b9a360614d9b3 1-61256
tools/wikimedia/out/2026-09-06-final/climb-sides-US.json
  s_ec895423d98b88::t_483c8920713dab 1-29996
tools/wikimedia/out/2026-09-06-final/climb-sides-ZA.json
  s_ec895423d98b88::t_4ae2bb861ed406 1-28257
tools/wikimedia/out/2026-09-06-r2/climb-sides-CA.json
  s_ec895423d98b88::t_65a88a3edee48a 1-22154
tools/wikimedia/out/2026-09-06-r2/climb-sides-LU.json
  s_ec895423d98b88::t_e872763eb20ac9 1-3
tools/wikimedia/out/2026-09-06/climb-sides-AU.json
  s_ec895423d98b88::t_f9256366a0f264 1-1022
tools/wikimedia/out/2026-09-06/climb-sides-CA.json
  s_ec895423d98b88::t_42a8dbaca8e706 1-5922
tools/wikimedia/out/2026-09-06/climb-sides-CL.json
  s_ec895423d98b88::t_dcbdd263a9a468 1-24944
tools/wikimedia/out/2026-09-06/climb-sides-CO.json
  s_ec895423d98b88::t_23dbe21985771d 1-5205
tools/wikimedia/out/2026-09-06/climb-sides-DE.json
  s_ec895423d98b88::t_2e40fb12b10d2d 1-49706
tools/wikimedia/out/2026-09-06/climb-sides-GB.json
  s_ec895423d98b88::t_03b2eebba13b2e 1-16916
tools/wikimedia/out/2026-09-06/climb-sides-JP.json
  s_ec895423d98b88::t_8515161b6c0468 1-42808
tools/wikimedia/out/2026-09-06/climb-sides-LU.json
  s_ec895423d98b88::t_961f54aa679991 1-4426
tools/wikimedia/out/2026-09-06/climb-sides-NL.json
  s_ec895423d98b88::t_1ea9036a0c3311 1-1620
tools/wikimedia/out/2026-09-06/climb-sides-NZ.json
  s_ec895423d98b88::t_fd00aae91e0bf7 1-8350
tools/wikimedia/out/2026-09-06/climb-sides-RW.json
  s_ec895423d98b88::t_53f12414b40a85 1-3
tools/wikimedia/out/2026-09-06/climb-sides-SI.json
  s_ec895423d98b88::t_df0c8af30fb6f5 1-61256
tools/wikimedia/out/2026-09-06/climb-sides-US.json
  s_ec895423d98b88::t_170904c7dbfe54 1-29996
tools/wikimedia/out/2026-09-06b/climb-sides-AU-osm.json
  s_ec895423d98b88::t_8c4b3695dfcc22 1-11091
tools/wikimedia/out/2026-09-06b/climb-sides-AU.json
  s_ec895423d98b88::t_c112a474fb9442 1-1099
tools/wikimedia/out/2026-09-06b/climb-sides-CA-osm.json
  s_ec895423d98b88::t_622ef94f8cef2f 1-22154
tools/wikimedia/out/2026-09-06b/climb-sides-CO.json
  s_ec895423d98b88::t_4e4c38943e0573 1-77420
tools/wikimedia/out/2026-09-06b/climb-sides-LU-mountain.json
  s_ec895423d98b88::t_c752f8431be627 1-2683
tools/wikimedia/out/2026-09-06b/climb-sides-NL-mountain.json
  s_ec895423d98b88::t_74ccbcd838c8f6 1-1220
tools/wikimedia/out/2026-09-06b/climb-sides-RW-mountain.json
  s_ec895423d98b88::t_c807af17d747bb 1-12489
tools/wikimedia/out/2026-09-06b/climb-sides-ZA.json
  s_ec895423d98b88::t_9840f2500e6acd 1-28257
web/bin/.phpunit.result.cache
  s_bf75b29242f552::t_1f50092ead1f41 1
web/src/Controller/MyAreaController.php
  s_be192d0027462f::t_64ac06c3ae59b4 50
web/src/Controller/PhotoPageController.php
  s_be192d0027462f::t_3cf9be27e0d45f 48,109
web/src/Controller/ProfileController.php
  s_be192d0027462f::t_eac738204f4500 95,194,270
web/src/Controller/ProposeRouteController.php
  s_be192d0027462f::t_e658e4988c3075 26
web/src/Controller/ResetPasswordController.php
  s_be192d0027462f::t_4a1160742c6843 148
web/src/Controller/RideCheckController.php
  s_be192d0027462f::t_fd3229c3abba61 35,77
web/src/Controller/RiderProfileController.php
  s_be192d0027462f::t_908590c84a5cb1 35,48,68
web/src/Controller/RouteController.php
  s_be192d0027462f::t_56d3400d591a55 43,69,77
web/src/Controller/RouteGpxController.php
  s_be192d0027462f::t_8800b45d09636f 18,52
web/src/Controller/RouteModerateController.php
  s_be192d0027462f::t_34b907be307b52 186
web/src/Controller/ScoutIntakeController.php
  s_be192d0027462f::t_40140db6cab197 32,47,84
web/src/Controller/SecurityController.php
  s_be192d0027462f::t_f2fd259876bb1e 46
web/src/Controller/SettingsController.php
  s_be192d0027462f::t_bfbf0e83853908 189,241
web/src/Controller/SitemapController.php
  s_be192d0027462f::t_1642953eacdc3f 128,163
web/src/Controller/TwoFactorController.php
  s_be192d0027462f::t_1293d328f39ae3 66,81,128
web/src/Elevation/CoveredSpans.php
  s_be192d0027462f::t_364531974e72e9 14
web/src/Elevation/RouteSnapper.php
  s_be192d0027462f::t_7b7b79ae6715cb 14
web/src/EventSubscriber/ServerErrorAlertSubscriber.php
  s_be192d0027462f::t_b4997544bfbee0 102,113
web/src/Form/CatalogFieldConstraints.php
  s_be192d0027462f::t_68cbc0430700b1 39,43
web/src/Form/ChangePasswordFormType.php
  s_be192d0027462f::t_d1789948ba791f 34
web/src/Form/ImproveType.php
  s_be192d0027462f::t_616ad7f576cea9 133
web/src/Form/RegistrationFormType.php
  s_be192d0027462f::t_6f8f0aaa8e9b8e 49
web/src/Form/SettingsPasswordType.php
  s_be192d0027462f::t_f6b7106598f2d4 51
web/src/Media/GpsDistance.php
  s_be192d0027462f::t_22bee9dddb3bcb 10
web/src/Media/MediaDecisionService.php
  s_be192d0027462f::t_d63d9fe3894924 16
web/src/Media/MediaEscalationService.php
  s_be192d0027462f::t_b41390b5f81b8c 119
web/src/Media/MediaTakedownCategory.php
  s_be192d0027462f::t_c59a26ccdfc64d 30
web/src/Media/MediaTakedownService.php
  s_be192d0027462f::t_4e10a3b662ce61 134,202
web/src/Media/PhotoProcessor.php
  s_be192d0027462f::t_47ba6b025fffbc 91,129,221
web/src/Media/ShardUnavailable.php
  s_be192d0027462f::t_a9cbc08f2d6acd 10
web/src/Messaging/MessageService.php
  s_be192d0027462f::t_4748262157b6ff 16,39
web/src/Moderation/EscalationAlert.php
  s_be192d0027462f::t_61a2e7a0a8164a 20,36,74
web/src/Moderation/ModerationScopeProvider.php
  s_be192d0027462f::t_068a263ba1ceb7 53
web/src/Translation/CatalogueCommit.php
  s_be192d0027462f::t_531bb31c68c868 27-28
web/src/Translation/Command/DeleteTranslationOverlayCommand.php
  s_be192d0027462f::t_7312e43e45405b 88,95
web/src/Translation/DecisionService.php
  s_be192d0027462f::t_d951cab3e3d31c 28,133
web/src/Translation/Entity/TranslationEntry.php
  s_be192d0027462f::t_7041481e66a553 15
web/src/Twig/VersionExtension.php
  s_be192d0027462f::t_b0cf8272ee8208 14
web/src/World/Command/ScaffoldRegionsCommand.php
  s_be192d0027462f::t_8ad48f87756c5f 44,62,69,82,122,130,145,168,195,216,244,246,261,265
web/tests/Account/DataExportTest.php
  s_be192d0027462f::t_3dfefe4063786d 44,132,343
web/tests/Account/UnitFormatterTest.php
  s_be192d0027462f::t_c059e07436b431 21
web/tests/Admin/SystemConfigPageTest.php
  s_be192d0027462f::t_a4341c3e1b449d 23,130,208
web/tests/Admin/UserAdminActionsTest.php
  s_be192d0027462f::t_964195a7db594a 108,154,194
web/tests/Admin/UserAdminServiceTest.php
  s_be192d0027462f::t_e8c9aa4e87030e 168,193
web/tests/Auth/AccountDeletionTest.php
  s_be192d0027462f::t_b82bb9e313cb1a 22,139,265
web/tests/Auth/DisplayNameSharingTest.php
  s_be192d0027462f::t_187c73450a17c4 18,158
web/tests/Auth/DisplayNameValidationTest.php
  s_be192d0027462f::t_2a2f856040e886 16,89-90
web/tests/Auth/LockoutTest.php
  s_be192d0027462f::t_db261304d73a6b 156
web/tests/Auth/LogoutTest.php
  s_be192d0027462f::t_abcd9ce265819b 96
web/tests/Auth/NavAuthTest.php
  s_be192d0027462f::t_75cb2118a572cd 76
web/tests/Auth/ProfileSettingsTest.php
  s_be192d0027462f::t_329ef4c19f61b6 179,317,355,485,522
web/tests/Auth/RegistrationTest.php
  s_be192d0027462f::t_5d849c70e12baa 197
web/tests/Auth/ResetPasswordTest.php
  s_be192d0027462f::t_50b6abbc7c3e79 146,182,245
web/tests/Auth/SecurityTest.php
  s_be192d0027462f::t_824b2d84e8aad6 13
web/tests/Auth/SpyDeletionHook.php
  s_be192d0027462f::t_986e60175fc542 19
web/tests/Auth/TwoFactorTest.php
  s_be192d0027462f::t_a0dbc24c482031 219,283,297,318,324,330,384,395,419
web/tests/Auth/UnitPreferencesTest.php
  s_be192d0027462f::t_a280050540e016 19,110
web/tests/Auth/UserEntityTest.php
  s_be192d0027462f::t_5fb03763c4f86b 14,22-23,77
web/tests/Catalog/BackfillAttributesCommandTest.php
  s_be192d0027462f::t_d9380317ad6352 21,97,141,153,184,186
web/tests/Catalog/BikeTypeTest.php
  s_be192d0027462f::t_e62c9beaee48fb 15
web/tests/Catalog/CatalogFormRegistryServiceKindTest.php
  s_be192d0027462f::t_8c11c949fbf134 19
web/tests/Catalog/CatalogFormRegistryTest.php
  s_be192d0027462f::t_b8719dd3bb59ea 17,41,86,106,112,145,159,188,208,246
web/tests/Catalog/CatalogProviderTest.php
  s_be192d0027462f::t_5d959ee394179f 90,95,127,198,216,240,302,354,359,370,393,425,460,490,518,565,577,684,699,705
web/tests/Catalog/CatalogSchemaProviderTest.php
  s_be192d0027462f::t_8527ec32a9f78a 22
web/tests/Catalog/ChangeHistoryViewTest.php
  s_be192d0027462f::t_15846ab2eadb10 38
web/tests/Catalog/ClosureExpiryServiceTest.php
  s_be192d0027462f::t_3d0375c641db8c 126
web/tests/Catalog/ClosureLifetimeTest.php
  s_be192d0027462f::t_8edfa241f25ed7 52-53,70
web/tests/Catalog/CoverageContractTest.php
  s_be192d0027462f::t_c8fc5f23c11ca7 16-17
web/tests/Catalog/CuratedReadinessTest.php
  s_be192d0027462f::t_3bcd5610eced2a 32,52,75-78,80,161
web/tests/Catalog/DuplicateGuardTest.php
  s_be192d0027462f::t_c620f41ce0aced 20,142
web/tests/Catalog/Import/AttributeVocabularyTest.php
  s_be192d0027462f::t_121398e761a391 41,56,80,106
web/tests/Catalog/ImportCatalogCommandTest.php
  s_be192d0027462f::t_253889074df06e 68,92,190,206,252,282,290,309,465,521,529,540
web/tests/Catalog/ItemSourceRankTest.php
  s_be192d0027462f::t_147892ff45de88 13
web/tests/Catalog/ItemTimestampTest.php
  s_be192d0027462f::t_fd20fe8fda7725 15,22
web/tests/Catalog/ItemTypeTest.php
  s_be192d0027462f::t_b3581460e6007f 52,61,107-108,122
web/tests/Catalog/ManualSourceTest.php
  s_be192d0027462f::t_4924c5b26e10ea 18,64
web/tests/Catalog/NameKeyContractTest.php
  s_be192d0027462f::t_f7c0ea2d2efa60 18,52
web/tests/Catalog/RegionDirectoryProviderTest.php
  s_be192d0027462f::t_7d1e3e8e447ca3 75,84-85,155
web/tests/Catalog/RegionRegistryProviderTest.php
  s_be192d0027462f::t_e00ba2b6213e45 46,84
web/tests/Catalog/RetireBakedLengthTest.php
  s_be192d0027462f::t_b5a22a99b6b239 51
web/tests/Catalog/RideCheckServiceTest.php
  s_be192d0027462f::t_209115d1ef34df 23,38,202,279
web/tests/Catalog/RoadTypeContractTest.php
  s_be192d0027462f::t_8e1d04cd46b1ce 13
web/tests/Catalog/RouteRankingServiceTest.php
  s_be192d0027462f::t_066439a4996bcc 104
web/tests/Catalog/RouteSurfacesCommandTest.php
  s_be192d0027462f::t_2301d64362fc8b 20
web/tests/Catalog/SeedClimbsCommandTest.php
  s_be192d0027462f::t_47a6a101f09555 60
web/tests/Catalog/SeedManualCatalogCommandTest.php
  s_be192d0027462f::t_93e6d718cef2ab 24,88,125-126,272
web/tests/Catalog/SurfaceConfirmClassContractTest.php
  s_be192d0027462f::t_e585ad8b20c4c2 13,29
web/tests/Catalog/SurfaceProfilerTest.php
  s_be192d0027462f::t_c1f9b5797c734f 21,99,129,143,160,164
web/tests/Catalog/SurfaceVocabularyTest.php
  s_be192d0027462f::t_5190ea0820b50c 44
web/tests/Command/Coverage/RetireLegacyOsmCommandTest.php
  s_be192d0027462f::t_8fa6d1eaac6acb 20,36,80,95
web/tests/Command/CreateUserCommandTest.php
  s_be192d0027462f::t_6090463ecc2099 18,45
web/tests/Command/DedupePlacesCommandTest.php
  s_be192d0027462f::t_c62a598a312e83 17,24
web/tests/Community/CountryInterestTest.php
  s_be192d0027462f::t_b6a26e4bb8de41 133,168
web/tests/Community/CuratorApplicationReviewTest.php
  s_be192d0027462f::t_785ab3ae6b3d7b 132,139,220,258,278,326,332,370,392,442
web/tests/Community/CuratorApplicationTest.php
  s_be192d0027462f::t_b4a0d3282c8846 112,114,179,195
web/tests/Community/CuratorConfirmationTest.php
  s_be192d0027462f::t_b92ccd24e0b401 24-25
web/tests/Community/ItemConfirmationControllerTest.php
  s_be192d0027462f::t_9de9aa452a0f4c 185,203-204
web/tests/Community/ItemConfirmationServiceTest.php
  s_be192d0027462f::t_4de45092c6c68b 141
web/tests/Community/RouteRideItTest.php
  s_be192d0027462f::t_93ecd97b430205 58
web/tests/Community/RouteSuggestFlowTest.php
  s_be192d0027462f::t_1e375b1f6fc073 94,97,105-106,113
web/tests/Contribution/AddPlaceFlowTest.php
  s_be192d0027462f::t_bd6d9359051d94 20,214
web/tests/Contribution/CatalogContributionServiceTest.php
  s_be192d0027462f::t_70e57e3e222aa9 349,357,393,498,532-533,557,586
web/tests/Contribution/ChangeValueTest.php
  s_be192d0027462f::t_1e5c1213a3a748 21
web/tests/Contribution/ClimbGeometryTest.php
  s_be192d0027462f::t_9b3913e8c4d3f5 16,117,123,140,196
web/tests/Contribution/ContributeHubTest.php
  s_be192d0027462f::t_8d1a44c95dd008 15,112
web/tests/Contribution/Gpx/GpxParserTest.php
  s_be192d0027462f::t_771d185f5c434f 13
web/tests/Contribution/Gpx/TrackProcessorTest.php
  s_be192d0027462f::t_b1cf4fc9f50faa 118,122,155
web/tests/Contribution/ImproveBindingTest.php
  s_be192d0027462f::t_9639088c38670a 33,68,108,116,145,158,175,441,493,594,625,638,686,720,745,777,782,791,815,902,954
web/tests/Contribution/ImproveTest.php
  s_be192d0027462f::t_37b9b6f23d411a 21,24,27-28,30,88,133,143,174,231,252,286,342,374,433,451,462,478,490,512,534,554
web/tests/Contribution/MaterializeFlowTest.php
  s_be192d0027462f::t_c1bee260aa9310 24-25,167
web/tests/Contribution/MovedPinTest.php
  s_be192d0027462f::t_b2ef57214d7126 25
web/tests/Contribution/OsmConfirmTest.php
  s_be192d0027462f::t_b03d3490bef695 24,80,126,148,435
web/tests/Contribution/ProposeRouteFlowTest.php
  s_be192d0027462f::t_4d959cfb293bca 40,102,143,210,250
web/tests/Contribution/RouteGpxDownloadTest.php
  s_be192d0027462f::t_bbe167e8fafd28 16
web/tests/Contribution/RouteProposalPersistenceTest.php
  s_be192d0027462f::t_72d55b4042f661 18,50
web/tests/Contribution/RouteProposalServiceTest.php
  s_be192d0027462f::t_7f1cbdf202f69c 170-171
web/tests/Contribution/SubmissionChangeSummaryTest.php
  s_be192d0027462f::t_a044c037add596 57,66
web/tests/Contribution/SubmissionDraftValidationTest.php
  s_be192d0027462f::t_06e85291816f16 43
web/tests/Contribution/VoteTest.php
  s_be192d0027462f::t_9f6fbf6a42afef 93,116,126
web/tests/Contribution/WizardMediaTest.php
  s_be192d0027462f::t_f5e912b69a3515 18
web/tests/Controller/ContributorsPageTest.php
  s_be192d0027462f::t_413c116b303c40 58,67,113
web/tests/Controller/CoveragePageTest.php
  s_be192d0027462f::t_a5355195e63e18 37,66
web/tests/Controller/ElevationControllerTest.php
  s_be192d0027462f::t_06ee6994be668b 21
web/tests/Controller/MapBestOfTest.php
  s_be192d0027462f::t_410a9a03d190cc 40
web/tests/Controller/MapCoverageUrlTest.php
  s_be192d0027462f::t_a9fd1cfb220338 18,26,36,52
web/tests/Controller/MapPrefsTest.php
  s_be192d0027462f::t_d7662840088f38 97,114
web/tests/Controller/MapRegionBoundaryTest.php
  s_be192d0027462f::t_803f2b771d9cc7 30
web/tests/Controller/MapThemeTest.php
  s_be192d0027462f::t_12051779837fae 111
web/tests/Controller/MyAreaControllerTest.php
  s_be192d0027462f::t_0d87df584262d4 18,26,69
web/tests/Controller/RegionsPagesTest.php
  s_be192d0027462f::t_afe48bf7f5adbe 161
web/tests/Controller/RideCheckControllerTest.php
  s_be192d0027462f::t_16dd350e6fea24 22,98,197,242
web/tests/Controller/RiderProfileTest.php
  s_be192d0027462f::t_9f47adec79be9d 29,140,260
web/tests/Controller/RouteControllerTest.php
  s_be192d0027462f::t_00e3c6b721b1d4 29
web/tests/Controller/ScopeBoundaryTest.php
  s_be192d0027462f::t_491f8cfba6e308 56
web/tests/Controller/ScoutPageTest.php
  s_be192d0027462f::t_5e8cb96d8155c3 52
web/tests/Controller/SitemapControllerTest.php
  s_be192d0027462f::t_ef58d08f4848f0 156
web/tests/Coverage/CoverageManifestTest.php
  s_be192d0027462f::t_55efd1566afae6 23,96,163
web/tests/Coverage/CoveragePoiDetailTest.php
  s_be192d0027462f::t_dbc01751afaaa8 21,71,99,158,195,212
web/tests/Coverage/CoverageQueryTest.php
  s_be192d0027462f::t_e959f27e85bb91 22,118,136,352,425,443,475,481,525,541,580,590
web/tests/Coverage/CoverageSchema.php
  s_be192d0027462f::t_8f8ff7a172afac 13,16
web/tests/Coverage/RoutesManifestTest.php
  s_be192d0027462f::t_92303a34a5acab 50
web/tests/Coverage/SurfaceManifestTest.php
  s_be192d0027462f::t_aef8de7d3d3583 112
web/tests/Doctrine/EncryptedStringTypeTest.php
  s_be192d0027462f::t_9f30f3375a12d0 15,30
web/tests/Elevation/ClimbProfilerTest.php
  s_be192d0027462f::t_f5833454b5a93b 81,148,216,254,260,273,308
web/tests/Elevation/CoveredSpansTest.php
  s_be192d0027462f::t_e443a5185146db 96
web/tests/Elevation/ElevationClientTest.php
  s_be192d0027462f::t_83a4b53d12eccb 73
web/tests/Elevation/ElevationEndpointsTest.php
  s_be192d0027462f::t_28a6b058f318d1 71
web/tests/Elevation/RouteSnapperTest.php
  s_be192d0027462f::t_feb2b5e0958ca8 64
web/tests/Form/CatalogFieldConstraintsTest.php
  s_be192d0027462f::t_6a76e164e9fd0b 44,55
web/tests/Media/ConsentEndpointTest.php
  s_be192d0027462f::t_c04e82ef82786d 193
web/tests/Media/MediaClaimTest.php
  s_be192d0027462f::t_679b83d3e39671 100,196
web/tests/Media/MediaDeskPagingTest.php
  s_be192d0027462f::t_e9cc27a64f02d2 34,101,113,145
web/tests/Media/MediaDisposalTest.php
  s_be192d0027462f::t_c34a972907f28f 298
web/tests/Media/MediaEscalationTest.php
  s_be192d0027462f::t_56b25eac9bcfc0 114
web/tests/Media/MediaMessageTest.php
  s_be192d0027462f::t_373228a1fafe36 88
web/tests/Media/MediaModerationTest.php
  s_be192d0027462f::t_f2e6ba5a0c8619 193
web/tests/Media/MediaTakedownEndpointTest.php
  s_be192d0027462f::t_3e7c33a8129331 226
web/tests/Media/MediaTakedownTest.php
  s_be192d0027462f::t_24c94fe8697f37 131
web/tests/Media/MediaUploadEndpointTest.php
  s_be192d0027462f::t_b8847e4980b4e0 642,648
web/tests/Media/PhotoPageTest.php
  s_be192d0027462f::t_72cb2cf5774fab 21,106
web/tests/Media/PhotoProcessorTest.php
  s_be192d0027462f::t_d727757bdd3298 23,234,236,264,293
web/tests/Media/ProofOfWorkTest.php
  s_be192d0027462f::t_6d1f24f3c4dea2 27,34-35,65
web/tests/Media/ThirdPartyReportTest.php
  s_be192d0027462f::t_c8906c8ef6f081 35-36,115,121,159,204,266,380,391,406,422,459,473
web/tests/Media/UrgentWithholdAlertTest.php
  s_be192d0027462f::t_46f779e43d714e 21,57
web/tests/Messaging/CuratorMessageTest.php
  s_be192d0027462f::t_16c041306c4ab8 26-27,115,119,166
web/tests/Messaging/MessageFilterTest.php
  s_be192d0027462f::t_b150bc103930fb 50
web/tests/Messaging/MessageMailTest.php
  s_be192d0027462f::t_9ec7915b24b2b4 20,78,143
web/tests/Messaging/MessagesPageTest.php
  s_be192d0027462f::t_7b398cd634ac67 129
web/tests/Messaging/NeedsInfoReplyTest.php
  s_be192d0027462f::t_dce359add1520a 26,91,153,157,176,207,243,273,291,293,296,320,341,345,415,439,502,531-532
web/tests/Moderation/CuratedDefaultGateTest.php
  s_be192d0027462f::t_770e83c12570ee 21,85,133,145,182
web/tests/Moderation/DecisionMessagesTest.php
  s_be192d0027462f::t_bcf094c713f398 23,82,169,176,221
web/tests/Moderation/DeletedRecipientTest.php
  s_be192d0027462f::t_fc55f5e74bac0d 29-30,70,170,205
web/tests/Moderation/MapCuratorInjectionTest.php
  s_be192d0027462f::t_9448b31410fbe5 95
web/tests/Moderation/ModerateDataDeskTest.php
  s_be192d0027462f::t_c2c079290d132d 26,132
web/tests/Moderation/ModerateDecideAjaxTest.php
  s_be192d0027462f::t_cc1a3f3b51e8e2 86,115,152,181
web/tests/Moderation/ModerateOverviewTest.php
  s_be192d0027462f::t_78ca501225982b 64
web/tests/Moderation/ModerateScopeGuardTest.php
  s_be192d0027462f::t_84a066cb03a8fd 23,27,158,254,269,289,305
web/tests/Moderation/ModerateTest.php
  s_be192d0027462f::t_7c68374af4ba06 69,159,229,247,353
web/tests/Moderation/ModerationScopeProviderTest.php
  s_be192d0027462f::t_092a257e68eb24 18
web/tests/Moderation/ModerationServiceTest.php
  s_be192d0027462f::t_0fb217c455243b 43,153,175,244,270,291,293
web/tests/Moderation/RetentionTest.php
  s_be192d0027462f::t_66bd62b3fa9cc8 24,42,77,130,136
web/tests/Moderation/RouteDecisionMessagesTest.php
  s_be192d0027462f::t_8bb5953328e0f0 25-26,86,150,198-199
web/tests/Moderation/RouteModerateTest.php
  s_be192d0027462f::t_3b3d329d16fa99 36
web/tests/Moderation/RouteModerationServiceTest.php
  s_be192d0027462f::t_c668bd0bf7de0e 129,149
web/tests/Moderation/RouteQueuePagingTest.php
  s_be192d0027462f::t_567f5093c8bcce 22-23,108
web/tests/Moderation/RouteScopeGuardTest.php
  s_be192d0027462f::t_26ca63aa076fc6 22,26,141
web/tests/Moderation/SegmentShapeReviewTest.php
  s_be192d0027462f::t_c812fa44c9dab6 16
web/tests/Moderation/SubmissionEscalationTest.php
  s_be192d0027462f::t_7832d873b2eb7f 30,185
web/tests/Moderation/SubmissionQueueTest.php
  s_be192d0027462f::t_b8ba5265d560d6 59,81,112,131,159
web/tests/Moderation/TrashTest.php
  s_be192d0027462f::t_a31e510bf9f38e 34,40,168,227,248,292,378,403,534-535,603,612
web/tests/Pagination/PagerTest.php
  s_be192d0027462f::t_ba98d0fc3d66f7 16
web/tests/Pagination/RowsPerPageTest.php
  s_be192d0027462f::t_d09376146fe9ab 97,116,124
web/tests/Profile/ContributionsRetentionTest.php
  s_be192d0027462f::t_8234774772800f 18,47,59
web/tests/Scout/ScoutIntakeTest.php
  s_be192d0027462f::t_cfa0592be090d7 22,274,362,366,387,389,397
web/tests/Security/AccessControlBackstopTest.php
  s_be192d0027462f::t_aef3f32caa1833 18
web/tests/Security/CspCoverageHostTest.php
  s_be192d0027462f::t_79fa4f67d824b1 20
web/tests/Security/CspTest.php
  s_be192d0027462f::t_49d32769cf3235 16,46,72
web/tests/Security/NoInlineEventHandlersTest.php
  s_be192d0027462f::t_bf975d9973f143 16,27,46,53
web/tests/Security/SecurityHeadersTest.php
  s_be192d0027462f::t_a4b25f080bb46b 13,48
web/tests/Security/TwoFactorPolicyTest.php
  s_be192d0027462f::t_58eec76ad30521 14,35
web/tests/Service/BaseAreaResolverTest.php
  s_be192d0027462f::t_d4c551cb3bb131 18,193,205
web/tests/Service/BaseLocationServiceTest.php
  s_be192d0027462f::t_3ed75e97b34f95 19,67
web/tests/Service/BuildVersionTest.php
  s_be192d0027462f::t_b125719d234e5f 39,48,70,81,115
web/tests/Service/ModeratorAreaNoticeTest.php
  s_be192d0027462f::t_2d2ec4b50e6dba 108
web/tests/Settings/SystemSettingsTest.php
  s_be192d0027462f::t_72d976037df546 133
web/tests/Smoke/CatalogEndpointTest.php
  s_be192d0027462f::t_02a6cc765a8b53 31
web/tests/Smoke/ContentPagesTest.php
  s_be192d0027462f::t_22c954a50b6ec1 307
web/tests/Smoke/LocalizedRoutingTest.php
  s_be192d0027462f::t_27bf7983d9acaf 125,184
web/tests/Smoke/MapKeyTest.php
  s_be192d0027462f::t_ce4ebe2dd4ec0b 135
web/tests/Smoke/MapPageTest.php
  s_be192d0027462f::t_a999758de14e31 25,56,66
web/tests/Smoke/MapToolsLockedTest.php
  s_be192d0027462f::t_1c5c48b7463dbb 46
web/tests/Translation/TranslatePageTest.php
  s_be192d0027462f::t_4b32ed29cf28f2 238
web/tests/Twig/DateDisplayExtensionTest.php
  s_be192d0027462f::t_990ff22b07f5a5 22-23,61,109
web/tests/Validator/PlainDisplayNameValidatorTest.php
  s_be192d0027462f::t_8a45d4d335b966 15,51
web/tests/World/ScaffoldRegionsCommandTest.php
  s_be192d0027462f::t_8c890157d31a77 56,71,240
web/tests/World/SubdivisionParentDataTest.php
  s_be192d0027462f::t_596f7433b20c3b 14,33
web/tests/bootstrap.php
  s_be192d0027462f::t_49dd98fae20205 15
web/tests/browser/check-module-refs.py
  s_be192d0027462f::t_122df4a08c35a5 25,50,97
web/tests/browser/map-smoke.js
  s_be192d0027462f::t_712d499b4e7c5a 2,16,22-23,26,67,93,144,165,214,227,250,385
web/tests/js/coverage-keys.test.cjs
  s_be192d0027462f::t_3cb3361381e982 8,12-13,20,35,44,54,67,82
web/tests/js/emoji-font-stack.test.cjs
  s_be192d0027462f::t_91434f50f752fe 5,12,55,77
web/tests/js/fixtures/region-outlines.cjs
  s_be192d0027462f::t_4cf3ecc7753f2d 3
web/tests/js/improve-review.test.cjs
  s_be192d0027462f::t_29dfd2ed12fbaa 174,179,186
web/tests/js/kind-icons.test.cjs
  s_be192d0027462f::t_8d576e1fecbd65 62-64
web/tests/js/legend-collapse.test.cjs
  s_be192d0027462f::t_33c9b0e4c55f30 12
web/tests/js/map-theme.test.cjs
  s_be192d0027462f::t_bff6242b45fd5d 10,48,50
web/tests/js/media-photos.test.cjs
  s_be192d0027462f::t_97878dd6feb41f 3,10-11,36
web/tests/js/scope-chips.test.cjs
  s_be192d0027462f::t_c1b78ee89e49c4 9,15,203,265,267-268,278,311-312,326,333,354,384
web/tests/js/scope.test.cjs
  s_be192d0027462f::t_6c89b0a440783a 3,6,35,114,212,243,379,476,548,552,599,641,666,677,692,746,781,795,908,910,923,933,965,967,1004,1025,1040,1050,1053,1070,1108,1111,1141,1214,1218,1241,1249,1260
web/tests/js/scout-fit.test.mjs
  s_be192d0027462f::t_7f357926afdd49 4,49,56
web/tests/js/surface-classes.test.cjs
  s_be192d0027462f::t_2ce83f4a1e7deb 8,52,70
web/tests/js/surface-quality.test.cjs
  s_be192d0027462f::t_50ba0bda0ddd0e 7-8
web/tests/js/surface-zooms.test.cjs
  s_be192d0027462f::t_acc2936e89b2a2 13,56
web/tools/check-licenses.sh
  s_be192d0027462f::t_a88aad8029c950 11
web/tools/check-translations.sh
  s_be192d0027462f::t_14a2497baac416 46,54
tools/wikimedia/out/2026-09-06/climb-review.json
  s_ec895423d98b88::t_73248759d017c4 1-261866
tools/wikimedia/out/2026-09-06/climb-sides-ZA.json
  s_ec895423d98b88::t_3932cdd57b9537 1-10417
tools/wikimedia/out/2026-09-06b/climb-sides-CA.json
  s_ec895423d98b88::t_10bff21e9e73a8 1-31661
tools/wikimedia/out/2026-09-06b/climb-sides-CL.json
  s_ec895423d98b88::t_78b85eb308cfed 1-48911
tools/wikimedia/out/2026-09-06b/climb-sides-NL.json
  s_ec895423d98b88::t_b8d833424f4cee 1-4560
tools/wikimedia/out/2026-09-06b/climb-sides-NZ.json
  s_ec895423d98b88::t_903967a7eeeb01 1-21372
---
{
  "schema_version": "authorship/3.0.0",
  "git_ai_version": "1.7.2",
  "base_commit_sha": "6e9a7e772b15fb3e38aefd0b99e0f96536134891",
  "prompts": {},
  "humans": {
    "h_fb5318cde6cf17": {
      "author": "X. Koevoet <development@bikecoders.life>"
    }
  },
  "sessions": {
    "s_be192d0027462f": {
      "agent_id": {
        "tool": "claude",
        "id": "8679c804-4184-4341-85c1-bf21e1c7a212",
        "model": "claude-haiku-4-5-20251001"
      },
      "human_author": "X. Koevoet <development@bikecoders.life>"
    },
    "s_bf75b29242f552": {
      "agent_id": {
        "tool": "claude",
        "id": "e6bb59ae-5c56-478e-a4b7-b5698b6c0b90",
        "model": "claude-fable-5"
      },
      "human_author": "X. Koevoet <development@bikecoders.life>"
    },
    "s_ec895423d98b88": {
      "agent_id": {
        "tool": "claude",
        "id": "a0de6d79-989a-45d6-9f80-10287ec2dd13",
        "model": "claude-fable-5-1"
      },
      "human_author": "X. Koevoet <development@bikecoders.life>"
    }
  }
}