web/composer.lock
  h_fb5318cde6cf17 1037,1041,1045-1046,1092,1108,1112,1116,1120-1121,1195,1211,1215,1219,1223-1224,1299,1301,1454,1458,1462-1463,1552,1560,3485,3489,3493-3494,3546,3566,3570,3574,3578-3579,3649,3669,3910,3914,3918-3919,3984,4004,4008,4012,4016-4017,4068,4088,4163,4167,4171-4172,4252,4272,4276,4280,4284-4285,4298,4328,4348,4430,4434,4438-4439,4488,4508,4747,4751,4755-4756,4791,4811,4888,4892,4896-4897,4967,4987,4991,4995,4999-5000,5124,5144,5148,5152,5156-5157,5198,5218,5222,5226,5230-5231,5299,5319,5405,5409,5413-5414,5463,5483,5487,5491,5495-5496,5582,5602,5780,5784,5788-5789,5850,5870,6193,6197,6201-6202,6251,6271,6275,6279,6283-6284,6339,6359,6363,6367,6371-6372,6426,6446,6450,6454,6458-6459,6511,6531,6535,6539,6543-6544,6596,6616,6620,6624,6628-6629,6680,6700,6704,6708,6712-6713,6760,6780,6784,6788,6792-6793,6840,6860,6864,6868,6872-6873,6920,6940,6944,6948,6952-6953,7000,7020,7024,7028,7032-7033,7083,7103,7188,7192,7196-7197,7254,7274,7440,7444,7448-7449,7501,7521,7610,7614,7618-7619,7660,7699,7719,7723,7727,7731-7732,7791,7811,7889,7893,7897-7898,7957,7977,8612,8616,8620-8621,8671,8691,8695,8699,8703-8704,8749,8769,8862,8866,8870-8871,8942,8962,9134,9138,9142-9143,9186,9206,11095,11099,11103-11104,11145,11153,11776,11780,11784-11785,11828,11830,12022,12026,12030-12031,12041,12043,12050,12059,12088,12108,12261,12265,12269-12270,12277,12309,12329,12405,12409,12413-12414,12428,12436,12453,12485,12493,13462,13466,13470-13471,13478,13514,13534,14192,14196,14200-14201,14234,14254,14772,14776,14780-14781,14828,14848,14917,14921,14925-14926,14983,15003,15057,15061,15065-15066,15171
---
{
  "schema_version": "authorship/3.0.0",
  "git_ai_version": "1.7.4",
  "base_commit_sha": "8fd1793936e6a2b66c885ed206dd78b1b7619e6c",
  "prompts": {},
  "humans": {
    "h_fb5318cde6cf17": {
      "author": "X. Koevoet <development@bikecoders.life>"
    }
  }
}