web/composer.lock
  h_fb5318cde6cf17 416,420,424-425,502,518,570,574,578-579,601,615,620,629,674,690,1209,1213,1217-1218,1248,1292,1294,1447,1451,1455-1456,1521-1524,1545,1553,1837,1841,1845-1846,1901,1903,2688,2731,2737,2741,2745-2746,2798,2800,2804,2851,3101,3105,3109-3110,3162,3182,3186,3190,3194-3195,3265,3285,3289,3293,3297-3298,3345,3365,3447,3451,3455-3456,3502,3522,3526,3530,3534-3535,3600,3620,3624,3628,3632-3633,3684,3704,3708,3712,3716-3717,3755,3775,3779,3783,3787-3788,3868,3888,3892,3896,3900-3901,3946,3966,3970,3974,3978-3979,4028,4048,4052,4056,4060-4061,4113,4133,4137,4141,4145-4146,4193,4213,4217,4221,4225-4226,4263,4283,4287,4291,4295-4296,4331,4351,4428,4432,4436-4437,4507,4527,4531,4535,4539-4540,4549,4568,4590,4602,4634,4637,4665,4685,4763,4767,4771-4772,4840,4860,4864,4868,4872-4873,4922,4942,4946,4950,4954-4955,5004,5024,5028,5032,5036-5037,5095,5123,5143,5147,5151,5155-5156,5213,5233,5237,5241,5245-5246,5297,5317,5321,5325,5329-5330,5386,5406,5640,5644,5648-5649,5698,5718,6067,6071,6075-6076,6123,6143,6227,6231,6235-6236,6283,6303,6390,6394,6398-6399,6447,6467,6471,6475,6479-6480,6537,6557,6561,6565,6569-6570,6611,6631,6635,6639,6643-6644,6696,6716,6720,6724,6728-6729,6737-6738,6781,6801,6805,6809,6813-6814,6864,6893,6913,6917,6921,6925-6926,6984,7004,7174,7178,7182-7183,7237,7257,7327,7331,7335-7336,7394,7414,7418,7422,7426-7427,7494,7514,7518,7522,7526-7527,7576,7596,7600,7604,7608-7609,7616,7691,7711,7715,7719,7723-7724,7736,7781,7801,7966,7970,7974-7975,8031,8051,8055,8059,8063-8064,8135,8155,8159,8163,8167-8168,8184,8222,8242,8246,8250,8254-8255,8303,8323,8327,8331,8335-8336,8379,8399,8570,8574,8578-8579,8622,8634,8638,8642,8646-8647,8702,8714,8720,8724,8728-8729,8789,8797,9176,9180,9184-9185,9231,9239,10349,10353,10357-10358,10398,10400-10401,10442,10450,10560,10564,10568-10569,10573,10608,10612-10613,10616,10671,10675,10679-10680,10722,10724,11022,11026,11030-11031,11063,11065,11069,11072-11073,11129,11133,11137,11141-11142,11204,11206,11210,11214,11218-11219,11227,11233,11238,11247,11276,11296,11300,11304,11308-11309,11316,11349,11369,12210,12214,12218-12219,12224,12258,12266,12342,12346,12350-12351,12358,12387,12407,12728,12732,12736-12737,12743,12746,12751,12794,12814,12961,12965,12969-12970,12974,12978,13007,13027,13031,13035,13039-13040,13045,13048,13053,13076,13096,13100,13104,13108-13109,13116,13144,13164,13168,13172,13176-13177,13184,13220,13240,13244,13248,13252-13253,13260,13289,13309,13499,13503,13507-13508,13548,13568,14366,14378
---
{
  "schema_version": "authorship/3.0.0",
  "git_ai_version": "1.6.22",
  "base_commit_sha": "5719af02455a579df5b7c7706f11730d32097e83",
  "prompts": {},
  "humans": {
    "h_fb5318cde6cf17": {
      "author": "X. Koevoet <development@bikecoders.life>"
    }
  }
}